206 1
199 1
197 1
195 1
194 2
191 1
190 1
189 2
187 1
184 1
182 1
179 1
178 2
177 1
175 3
174 1
173 2
169 1
168 1
167 2
166 2
165 4
164 1
163 2
162 2
160 3
159 1
157 1
156 3
155 2
154 1
152 2
151 5
150 2
149 2
148 2
147 3
146 5
145 6
144 2
143 7
142 3
141 4
140 5
139 5
138 8
137 5
136 10
135 5
134 5
133 11
132 7
131 8
130 12
129 12
128 12
127 10
126 11
125 8
124 8
123 10
122 13
121 17
120 18
119 15
118 17
117 9
116 15
115 13
114 20
113 22
112 10
111 13
110 18
109 20
108 22
107 25
106 20
105 29
104 24
103 34
102 29
101 31
100 38
99 38
98 35
97 27
96 41
95 41
94 43
93 48
92 50
91 58
90 58
89 46
88 57
87 64
86 69
85 59
84 62
83 66
82 86
81 86
80 92
79 81
78 81
77 108
76 120
75 116
74 102
73 115
72 138
71 134
70 158
69 131
68 150
67 143
66 162
65 175
64 187
63 196
62 210
61 222
60 247
59 268
58 269
57 267
56 302
55 315
54 319
53 366
52 348
51 375
50 438
49 463
48 451
47 456
46 527
45 523
44 566
43 550
42 624
41 627
40 680
39 684
38 746
37 747
36 823
35 843
34 886
33 942
32 977
31 1030
30 1100
29 1174
28 1240
27 1299
26 1325
25 1423
24 1457
23 1433
22 1630
21 1716
20 1768
19 1902
18 1939
17 2166
16 2239
15 2268
14 2433
13 2483
12 2714
11 2795
10 2913
9 3147
8 3330
7 3380
6 3679
5 3817
4 3898
3 4253
2 4427
1 4564
0 4858
