121 1
112 1
109 1
102 1
99 2
96 3
95 2
94 2
91 1
90 2
89 3
88 3
87 2
86 2
84 1
82 3
81 7
80 3
79 3
78 6
77 5
76 6
75 6
74 4
73 5
72 10
71 10
70 10
69 12
68 3
67 14
66 12
65 11
64 11
63 21
62 28
61 19
60 26
59 27
58 29
57 40
56 36
55 35
54 55
53 44
52 62
51 62
50 77
49 70
48 71
47 86
46 111
45 95
44 114
43 136
42 117
41 151
40 190
39 185
38 205
37 216
36 267
35 285
34 315
33 326
32 379
31 428
30 497
29 530
28 538
27 616
26 734
25 769
24 903
23 909
22 1028
21 1179
20 1271
19 1404
18 1609
17 1707
16 1894
15 2157
14 2278
13 2551
12 2822
11 3159
10 3538
9 3868
8 4291
7 4827
6 5320
5 5726
4 6470
3 6989
2 7788
1 8678
0 9474
