0 0.0
1 0.10026
2 0.20173
3 0.30248
4 0.4022
5 0.50373
6 0.60378
7 0.70452
8 0.80406
9 0.90411
10 1.00441
11 1.10487
12 1.20389
13 1.30532
14 1.40669
15 1.50592
16 1.60635
17 1.70502
18 1.80505
19 1.90633
20 2.00753
21 2.10632
22 2.20546
23 2.30474
24 2.40342
25 2.50456
26 2.60429
27 2.7047
28 2.80636
29 2.90704
30 3.00698
31 3.10705
32 3.20848
33 3.30881
34 3.40917
35 3.50884
36 3.60785
37 3.70761
38 3.80695
39 3.90684
40 4.00567
41 4.10513
42 4.20572
43 4.30499
44 4.40519
45 4.50414
46 4.60247
47 4.70363
48 4.80497
49 4.90456
50 5.00595
51 5.10615
52 5.20776
53 5.30781
54 5.40901
55 5.50895
56 5.6096
57 5.70977
58 5.80988
59 5.90908
60 6.00924
61 6.10772
62 6.2083
63 6.3071
64 6.40726
65 6.50653
66 6.60646
67 6.70663
68 6.80559
69 6.90501
70 7.00431
71 7.10396
72 7.20481
73 7.30394
74 7.40295
75 7.50428
76 7.60497
77 7.70604
78 7.80592
79 7.90565
80 8.00477
81 8.1048
82 8.20426
83 8.30508
84 8.40286
85 8.5024
86 8.60397
87 8.70525
88 8.80533
89 8.90451
90 9.00352
91 9.1038
92 9.20334
93 9.30373
94 9.40281
95 9.50271
96 9.60244
97 9.70179
98 9.80074
99 9.89874
100 9.99602
101 10.09603
102 10.19695
103 10.29654
104 10.39616
105 10.49773
106 10.59784
107 10.69665
108 10.79691
109 10.89818
110 10.99745
111 11.09662
112 11.19696
113 11.29633
114 11.39698
115 11.49618
116 11.59657
117 11.69546
118 11.7953
119 11.89573
120 11.99374
121 12.09316
122 12.19128
123 12.29059
124 12.38923
125 12.48974
126 12.58974
127 12.69242
128 12.79235
129 12.89199
130 12.99266
131 13.09159
132 13.19282
133 13.29192
134 13.39096
135 13.49167
136 13.59298
137 13.69278
138 13.79182
139 13.89172
140 13.99058
141 14.09039
142 14.18872
143 14.28859
144 14.38967
145 14.48934
146 14.58965
147 14.68958
148 14.78852
149 14.88895
150 14.98875
151 15.09177
152 15.19119
153 15.2907
154 15.39014
155 15.4911
156 15.59012
157 15.68929
158 15.7897
159 15.89081
160 15.99168
161 16.09208
162 16.19191
163 16.29024
164 16.38843
165 16.4872
166 16.5874
167 16.68787
168 16.78782
169 16.88712
170 16.9855
171 17.08431
172 17.18546
173 17.28368
174 17.38308
175 17.48189
176 17.58075
177 17.6811
178 17.78145
179 17.8812
180 17.98133
181 18.0809
182 18.18111
183 18.28001
184 18.37938
185 18.47874
186 18.57805
187 18.67798
188 18.77702
189 18.87722
190 18.97746
191 19.07634
192 19.17713
193 19.27784
194 19.37795
195 19.47796
196 19.57885
197 19.67836
198 19.77751
199 19.87732
200 19.9785
201 20.07885
202 20.17689
203 20.27944
204 20.37987
205 20.48019
206 20.58219
207 20.68288
208 20.78157
209 20.88204
210 20.98136
211 21.08188
212 21.18245
213 21.28034
214 21.37953
215 21.47988
216 21.5802
217 21.68083
218 21.78022
219 21.88135
220 21.9803
221 22.08229
222 22.18335
223 22.28237
224 22.38198
225 22.4828
226 22.58264
227 22.68374
228 22.78351
229 22.8832
230 22.98242
231 23.08237
232 23.18365
233 23.28193
234 23.38237
235 23.48265
236 23.583
237 23.68318
238 23.78253
239 23.88027
240 23.98206
241 24.08286
242 24.18292
243 24.28408
244 24.38351
245 24.48377
246 24.58338
247 24.6849
248 24.78564
249 24.88618
250 24.98567
251 25.08437
252 25.18429
253 25.285
254 25.38539
255 25.48489
256 25.58413
257 25.68393
258 25.78583
259 25.88789
260 25.98867
261 26.08886
262 26.18897
263 26.28947
264 26.38936
265 26.48906
266 26.58951
267 26.68975
268 26.79253
269 26.89494
270 26.99486
271 27.0948
272 27.19501
273 27.29541
274 27.39566
275 27.49466
276 27.59411
277 27.6928
278 27.79266
279 27.8923
280 27.99312
281 28.0938
282 28.19312
283 28.29256
284 28.39295
285 28.49231
286 28.59257
287 28.68968
288 28.79062
289 28.89167
290 28.99083
291 29.09015
292 29.18856
293 29.28725
294 29.3871
295 29.48692
296 29.58649
297 29.68761
298 29.78816
299 29.88742
300 29.98839
301 30.08792
302 30.1881
303 30.28877
304 30.38804
305 30.48804
306 30.58848
307 30.68954
308 30.78922
309 30.88684
310 30.98634
311 31.08725
312 31.1872
313 31.28781
314 31.38624
315 31.48729
316 31.58808
317 31.6877
318 31.78889
319 31.88779
320 31.98758
321 32.08731
322 32.18603
323 32.28637
324 32.38738
325 32.48717
326 32.5889
327 32.68816
328 32.78924
329 32.89011
330 32.98832
331 33.08861
332 33.18836
333 33.2878
334 33.38726
335 33.48694
336 33.58616
337 33.68454
338 33.78364
339 33.88364
340 33.98297
341 34.084
342 34.18584
343 34.28829
344 34.38803
345 34.48819
346 34.5879
347 34.68731
348 34.78734
349 34.88924
350 34.98876
351 35.0894
352 35.1887
353 35.28924
354 35.38974
355 35.48965
356 35.59034
357 35.69002
358 35.78921
359 35.88817
360 35.98809
361 36.0897
362 36.18829
363 36.28802
364 36.38814
365 36.48834
366 36.58764
367 36.68965
368 36.78824
369 36.88667
370 36.98639
371 37.08667
372 37.18823
373 37.28807
374 37.38833
375 37.48734
376 37.58565
377 37.68538
378 37.78582
379 37.88568
380 37.98399
381 38.08343
382 38.184
383 38.28474
384 38.38694
385 38.487
386 38.5861
387 38.68676
388 38.78655
389 38.88709
390 38.98682
391 39.08641
392 39.18582
393 39.28577
394 39.38565
395 39.48438
396 39.58506
397 39.68632
398 39.78841
399 39.88936
400 39.99086
401 40.09084
402 40.19019
403 40.29045
404 40.39231
405 40.49146
406 40.59323
407 40.69473
408 40.79535
409 40.89525
410 40.99588
411 41.0967
412 41.19596
413 41.29546
414 41.39613
415 41.49564
416 41.59718
417 41.69819
418 41.79775
419 41.8974
420 41.99755
421 42.09795
422 42.19696
423 42.29775
424 42.39662
425 42.49484
426 42.59646
427 42.69697
428 42.79558
429 42.89493
430 42.99576
431 43.09462
432 43.1949
433 43.29425
434 43.39426
435 43.49258
436 43.59222
437 43.69134
438 43.79087
439 43.89296
440 43.99114
441 44.09212
442 44.19178
443 44.2915
444 44.38993
445 44.48823
446 44.58825
447 44.68759
448 44.78782
449 44.88871
450 44.99076
451 45.09018
452 45.18936
453 45.28978
454 45.39037
455 45.49136
456 45.59055
457 45.69001
458 45.79031
459 45.89074
460 45.99159
461 46.09246
462 46.19
463 46.28907
464 46.38846
465 46.48889
466 46.589
467 46.68874
468 46.78887
469 46.8901
470 46.99102
471 47.09018
472 47.19047
473 47.29056
474 47.39
475 47.48919
476 47.58966
477 47.68946
478 47.79289
479 47.89137
480 47.98975
481 48.08798
482 48.18784
483 48.28794
484 48.38904
485 48.48863
486 48.58862
487 48.68889
488 48.78705
489 48.88841
490 48.98804
491 49.08823
492 49.18975
493 49.28984
494 49.39052
495 49.49135
496 49.59218
497 49.69263
498 49.79158
499 49.89003
500 49.99022
501 50.08845
502 50.18875
503 50.28959
504 50.39109
505 50.49098
506 50.58979
507 50.68978
508 50.78996
509 50.88956
510 50.99019
511 51.0901
512 51.18963
513 51.28955
514 51.38968
515 51.49097
516 51.59202
517 51.69052
518 51.78858
519 51.88886
520 51.99016
521 52.09053
522 52.19167
523 52.2911
524 52.38997
525 52.48933
526 52.58967
527 52.69102
528 52.79103
529 52.89104
530 52.99119
531 53.09237
532 53.19228
533 53.2897
534 53.38944
535 53.4906
536 53.59138
537 53.69256
538 53.79313
539 53.89436
540 53.9935
541 54.09347
542 54.19178
543 54.29155
544 54.39223
545 54.49132
546 54.59048
547 54.69005
548 54.79119
549 54.89178
550 54.99269
551 55.09294
552 55.19267
553 55.29318
554 55.39394
555 55.49435
556 55.59381
557 55.69428
558 55.79362
559 55.89288
560 55.99256
561 56.09169
562 56.19231
563 56.29105
564 56.39174
565 56.49163
566 56.59219
567 56.69243
568 56.79242
569 56.89345
570 56.99403
571 57.09221
572 57.19281
573 57.2933
574 57.39068
575 57.49121
576 57.59268
577 57.69327
578 57.79207
579 57.89291
580 57.99298
581 58.09042
582 58.19241
583 58.29105
584 58.39284
585 58.49466
586 58.59489
587 58.69614
588 58.79785
589 58.89704
590 58.99643
591 59.09624
592 59.19833
593 59.29761
594 59.39766
595 59.49815
596 59.59807
597 59.69877
598 59.79915
599 59.90058
600 60.00162
601 60.10185
602 60.20136
603 60.30045
604 60.40023
605 60.50038
606 60.6001
607 60.69923
608 60.80062
609 60.90066
610 60.99984
611 61.09907
612 61.1991
613 61.29953
614 61.39854
615 61.49828
616 61.59659
617 61.69679
618 61.7982
619 61.89929
620 61.99819
621 62.09861
622 62.19784
623 62.29807
624 62.39811
625 62.49617
626 62.59518
627 62.69414
628 62.79437
629 62.89452
630 62.99481
631 63.0928
632 63.19377
633 63.29309
634 63.39402
635 63.49283
636 63.59281
637 63.69289
638 63.79267
639 63.89303
640 63.99174
641 64.09245
642 64.19243
643 64.29208
644 64.39223
645 64.49321
646 64.59306
647 64.69352
648 64.79412
649 64.89369
650 64.99573
651 65.09588
652 65.19667
653 65.29585
654 65.39567
655 65.4959
656 65.59397
657 65.69389
658 65.79272
659 65.89542
660 65.9953
661 66.09517
662 66.19396
663 66.29572
664 66.39507
665 66.49386
666 66.59319
667 66.69316
668 66.79377
669 66.89184
670 66.99106
671 67.09324
672 67.19517
673 67.29375
674 67.395
675 67.49622
676 67.59551
677 67.69674
678 67.79776
679 67.89724
680 67.99785
681 68.09647
682 68.19602
683 68.29489
684 68.39429
685 68.4951
686 68.59606
687 68.69443
688 68.7958
689 68.89682
690 68.99745
691 69.09772
692 69.19814
693 69.29982
694 69.39941
695 69.49936
696 69.59836
697 69.69946
698 69.80042
699 69.89925
700 69.99973
701 70.10169
702 70.20206
703 70.30314
704 70.40366
705 70.50355
706 70.60367
707 70.70317
708 70.80361
709 70.90347
710 71.00431
711 71.10379
712 71.20433
713 71.30453
714 71.40502
715 71.50534
716 71.60459
717 71.70521
718 71.80499
719 71.90575
720 72.00594
721 72.1039
722 72.20439
723 72.30353
724 72.40444
725 72.50436
726 72.60536
727 72.70548
728 72.80606
729 72.90617
730 73.00686
731 73.10723
732 73.20575
733 73.30627
734 73.4091
735 73.50917
736 73.60923
737 73.7098
738 73.8108
739 73.9066
740 74.00611
741 74.10813
742 74.20874
743 74.30777
744 74.40872
745 74.50822
746 74.6079
747 74.70722
748 74.80652
749 74.90744
750 75.00844
751 75.10727
752 75.20606
753 75.30641
754 75.40689
755 75.50631
756 75.60602
757 75.70576
758 75.80601
759 75.90614
760 76.00715
761 76.10793
762 76.20751
763 76.308
764 76.40838
765 76.50887
766 76.60915
767 76.70923
768 76.8103
769 76.91193
770 77.01027
771 77.11054
772 77.21029
773 77.30951
774 77.40955
775 77.50916
776 77.60838
777 77.70965
778 77.80862
779 77.91082
780 78.01057
781 78.10992
782 78.21051
783 78.30947
784 78.41047
785 78.51052
786 78.61047
787 78.70954
788 78.80975
789 78.91124
790 79.01197
791 79.11191
792 79.21224
793 79.31162
794 79.41244
795 79.51224
796 79.61155
797 79.71258
798 79.81336
799 79.91257
800 80.01365
801 80.11366
802 80.2143
803 80.31486
804 80.41559
805 80.51707
806 80.61693
807 80.71818
808 80.81803
809 80.91945
810 81.01899
811 81.1186
812 81.21885
813 81.31754
814 81.41702
815 81.51521
816 81.61328
817 81.71265
818 81.81311
819 81.91282
820 82.01333
821 82.11345
822 82.21384
823 82.31342
824 82.41464
825 82.51554
826 82.61488
827 82.71469
828 82.81537
829 82.91559
830 83.01426
831 83.11415
832 83.21427
833 83.31486
834 83.4144
835 83.51481
836 83.61509
837 83.71603
838 83.81727
839 83.91732
840 84.01713
841 84.11517
842 84.21478
843 84.31458
844 84.41463
845 84.51409
846 84.61478
847 84.71221
848 84.81159
849 84.9103
850 85.00885
851 85.1099
852 85.20881
853 85.30555
854 85.40502
855 85.50192
856 85.60187
857 85.70059
858 85.80071
859 85.89972
860 85.99889
861 86.10029
862 86.20089
863 86.30062
864 86.40165
865 86.50187
866 86.60265
867 86.70339
868 86.80188
869 86.90201
870 87.00158
871 87.10187
872 87.20192
873 87.30307
874 87.40308
875 87.50314
876 87.60295
877 87.70362
878 87.80206
879 87.90073
880 88.00054
881 88.10113
882 88.20323
883 88.30367
884 88.4033
885 88.50368
886 88.60502
887 88.70411
888 88.80464
889 88.90478
890 89.00373
891 89.10447
892 89.20487
893 89.30426
894 89.40398
895 89.5039
896 89.60443
897 89.70379
898 89.80408
899 89.90053
900 90.00189
901 90.1026
902 90.20427
903 90.30335
904 90.4033
905 90.50282
906 90.60257
907 90.70216
908 90.80208
909 90.90083
910 91.00005
911 91.09836
912 91.19659
913 91.29545
914 91.39446
915 91.49376
916 91.59263
917 91.69042
918 91.79008
919 91.88919
920 91.9893
921 92.08919
922 92.19037
923 92.29181
924 92.39442
925 92.49371
926 92.59529
927 92.69379
928 92.79448
929 92.89592
930 92.99503
931 93.09453
932 93.19564
933 93.29561
934 93.39592
935 93.49507
936 93.59404
937 93.69365
938 93.79403
939 93.89272
940 93.99152
941 94.09189
942 94.1924
943 94.29088
944 94.38976
945 94.4915
946 94.59116
947 94.68944
948 94.79045
949 94.89047
950 94.98972
951 95.09078
952 95.19028
953 95.28895
954 95.39055
955 95.4898
956 95.58901
957 95.68925
958 95.78829
959 95.88805
960 95.98607
961 96.08716
962 96.18563
963 96.28476
964 96.38513
965 96.48372
966 96.58265
967 96.68183
968 96.78177
969 96.88132
970 96.98082
971 97.08228
972 97.18314
973 97.28401
974 97.3845
975 97.48447
976 97.58513
977 97.68578
978 97.78677
979 97.88865
980 97.98812
981 98.08844
982 98.18738
983 98.28635
984 98.38765
985 98.48933
986 98.58914
987 98.68889
988 98.78704
989 98.88749
990 98.9885
991 99.08974
992 99.19105
993 99.2925
994 99.39166
995 99.49127
996 99.59097
997 99.69062
998 99.79
999 99.88849
1000 99.98944
