0 0.0
1 1.50436
2 3.01145
3 4.50283
4 6.00177
5 7.50685
6 9.00827
7 10.50478
8 12.00942
9 13.51246
10 15.01542
11 16.51425
12 18.01986
13 19.52446
14 21.02641
15 22.52509
16 24.01936
17 25.51732
18 27.01592
19 28.51435
20 30.0077
21 31.50787
22 33.00564
23 34.49907
24 36.00217
25 37.4961
26 38.99637
27 40.4893
28 41.98632
29 43.48244
30 44.97487
31 46.47528
32 47.97158
33 49.46846
34 50.96284
35 52.46953
36 53.96957
37 55.46876
38 56.96574
39 58.46739
40 59.96787
41 61.46804
42 62.96781
43 64.46997
44 65.9738
45 67.47355
46 68.96967
47 70.46807
48 71.96621
49 73.46624
50 74.9741
51 76.47816
52 77.98233
53 79.47568
54 80.97561
55 82.47675
56 83.97602
57 85.47878
58 86.97426
59 88.47787
60 89.97619
61 91.47836
62 92.98414
63 94.48402
64 95.98098
65 97.46959
66 98.96793
67 100.46839
68 101.96192
69 103.45791
70 104.95919
71 106.45379
72 107.94956
73 109.44175
74 110.94288
75 112.44681
76 113.94886
77 115.45427
78 116.95568
79 118.46003
80 119.96061
81 121.45915
82 122.95847
83 124.4474
84 125.95083
85 127.45152
86 128.95182
87 130.449
88 131.95006
89 133.4572
90 134.9546
91 136.45822
92 137.95929
93 139.46111
94 140.96136
95 142.46211
96 143.95794
97 145.45744
98 146.95493
99 148.45752
100 149.95603
101 151.45636
102 152.95445
103 154.45099
104 155.95926
105 157.4561
106 158.95836
107 160.46699
108 161.96751
109 163.4681
110 164.9682
111 166.46874
112 167.96878
113 169.46765
114 170.97149
115 172.47312
116 173.96745
117 175.47048
118 176.97622
119 178.47307
120 179.97428
121 181.47505
122 182.97991
123 184.48683
124 185.98857
125 187.49171
126 188.9873
127 190.48765
128 191.9902
129 193.48326
130 194.98557
131 196.48771
132 197.99097
133 199.49515
134 200.99057
135 202.49457
136 203.99013
137 205.49004
138 206.98886
139 208.4859
140 209.9863
141 211.47399
142 212.97968
143 214.48067
144 215.97934
145 217.48167
146 218.98138
147 220.4794
148 221.98189
149 223.47735
150 224.97708
151 226.47941
152 227.98259
153 229.48626
154 230.98399
155 232.48083
156 233.97842
157 235.48179
158 236.98011
159 238.48091
160 239.98389
161 241.48376
162 242.98434
163 244.48282
164 245.98005
165 247.47813
166 248.98613
167 250.49252
168 251.99292
169 253.48975
170 254.9912
171 256.48856
172 257.99016
173 259.48937
174 260.99966
175 262.49687
176 263.99894
177 265.49498
178 266.99679
179 268.49569
180 269.98854
181 271.48421
182 272.97615
183 274.47383
184 275.96406
185 277.46052
186 278.96156
187 280.45821
188 281.95725
189 283.45729
190 284.95823
191 286.46566
192 287.96292
193 289.46194
194 290.95525
195 292.45364
196 293.9543
197 295.45935
198 296.95442
199 298.45446
200 299.95807
201 301.46246
202 302.96049
203 304.45468
204 305.95834
205 307.4541
206 308.95781
207 310.45519
208 311.94644
209 313.44779
210 314.95309
211 316.45154
212 317.95453
213 319.45096
214 320.94876
215 322.45131
216 323.94684
217 325.45373
218 326.95556
219 328.45237
220 329.95156
221 331.4442
222 332.94571
223 334.44172
224 335.94738
225 337.44986
226 338.94924
227 340.44968
228 341.94714
229 343.44821
230 344.94887
231 346.44667
232 347.94793
233 349.45705
234 350.95473
235 352.453
236 353.9571
237 355.45964
238 356.95992
239 358.46039
240 359.95684
241 361.45801
242 362.95271
243 364.45253
244 365.95303
245 367.45275
246 368.9582
247 370.4565
248 371.95055
249 373.44843
250 374.94748
251 376.44356
252 377.94594
253 379.44779
254 380.95188
255 382.456
256 383.95233
257 385.44923
258 386.9524
259 388.45439
260 389.9547
261 391.44706
262 392.94072
263 394.43609
264 395.93407
265 397.43497
266 398.93948
267 400.44027
268 401.94751
269 403.44252
270 404.93798
271 406.43365
272 407.93742
273 409.43567
274 410.93192
275 412.43599
276 413.9331
277 415.43399
278 416.92591
279 418.4319
280 419.93526
281 421.42953
282 422.92676
283 424.42658
284 425.92579
285 427.42068
286 428.92109
287 430.4184
288 431.91952
289 433.4173
290 434.90854
291 436.40565
292 437.90797
293 439.40671
294 440.91161
295 442.40859
296 443.90932
297 445.41018
298 446.91184
299 448.41542
300 449.91936
301 451.41952
302 452.91633
303 454.41185
304 455.90859
305 457.40623
306 458.90804
307 460.41036
308 461.9116
309 463.40532
310 464.90729
311 466.40402
312 467.90924
313 469.41618
314 470.91686
315 472.42093
316 473.92483
317 475.43126
318 476.92829
319 478.42756
320 479.92692
321 481.43088
322 482.9359
323 484.43299
324 485.93633
325 487.44343
326 488.94546
327 490.44397
328 491.94033
329 493.43675
330 494.94025
331 496.43907
332 497.93427
333 499.43761
334 500.9313
335 502.43688
336 503.93525
337 505.43704
338 506.94295
339 508.45053
340 509.94226
341 511.44346
342 512.93902
343 514.44455
344 515.94132
345 517.44232
346 518.94612
347 520.43977
348 521.93756
349 523.43566
350 524.93617
351 526.43692
352 527.94294
353 529.43954
354 530.9352
355 532.4356
356 533.93605
357 535.4371
358 536.936
359 538.44257
360 539.9456
361 541.44888
362 542.94906
363 544.44744
364 545.94268
365 547.44448
366 548.94379
367 550.44758
368 551.94898
369 553.44387
370 554.94775
371 556.43907
372 557.93474
373 559.43192
374 560.93342
375 562.43622
376 563.94033
377 565.43913
378 566.93758
379 568.43588
380 569.93763
381 571.43629
382 572.93919
383 574.43364
384 575.9364
385 577.43207
386 578.92764
387 580.42187
388 581.92323
389 583.42055
390 584.92602
391 586.42196
392 587.91495
393 589.41737
394 590.92039
395 592.42279
396 593.9225
397 595.42236
398 596.92137
399 598.42406
400 599.92501
401 601.42521
402 602.92726
403 604.43042
404 605.93296
405 607.43575
406 608.94613
407 610.44673
408 611.94839
409 613.45518
410 614.95253
411 616.45582
412 617.95362
413 619.45677
414 620.95316
415 622.45068
416 623.94852
417 625.44752
418 626.94832
419 628.45205
420 629.95378
421 631.44973
422 632.95332
423 634.45913
424 635.95799
425 637.4579
426 638.9607
427 640.46118
428 641.96444
429 643.46437
430 644.95873
431 646.45712
432 647.95615
433 649.45515
434 650.95186
435 652.4496
436 653.94989
437 655.4495
438 656.9524
439 658.45767
440 659.95708
441 661.46018
442 662.96298
443 664.46578
444 665.96936
445 667.46388
446 668.96635
447 670.46483
448 671.9662
449 673.47046
450 674.97429
451 676.48413
452 677.98451
453 679.49346
454 680.99503
455 682.49254
456 683.99488
457 685.49457
458 686.99491
459 688.49385
460 689.99445
461 691.49512
462 692.99499
463 694.4973
464 695.99289
465 697.49291
466 698.99263
467 700.49519
468 701.99774
469 703.49916
470 704.99843
471 706.49668
472 707.99616
473 709.49201
474 710.99102
475 712.49424
476 713.99521
477 715.49691
478 716.99153
479 718.48782
480 719.98503
481 721.48319
482 722.98242
483 724.47965
484 725.97706
485 727.48203
486 728.97679
487 730.47088
488 731.97831
489 733.48188
490 734.9842
491 736.48669
492 737.98917
493 739.48293
494 740.98568
495 742.47904
496 743.97484
497 745.47341
498 746.97595
499 748.47096
500 749.96626
501 751.45887
502 752.95361
503 754.45428
504 755.96175
505 757.46266
506 758.96727
507 760.46716
508 761.96843
509 763.4739
510 764.97136
511 766.47406
512 767.96858
513 769.46985
514 770.97578
515 772.47816
516 773.97415
517 775.47064
518 776.97183
519 778.47209
520 779.97611
521 781.47512
522 782.9746
523 784.47719
524 785.97316
525 787.47894
526 788.97918
527 790.47889
528 791.98182
529 793.48639
530 794.97819
531 796.483
532 797.98565
533 799.49106
534 800.99072
535 802.49319
536 803.98943
537 805.49141
538 806.98925
539 808.48981
540 809.99299
541 811.4959
542 812.99272
543 814.49266
544 815.98885
545 817.48135
546 818.9832
547 820.4843
548 821.98812
549 823.48986
550 824.9915
551 826.49833
552 827.99777
553 829.50055
554 831.00157
555 832.4975
556 833.99535
557 835.49599
558 836.99477
559 838.4977
560 839.99705
561 841.49926
562 843.00398
563 844.49983
564 846.00207
565 847.50277
566 848.99602
567 850.50185
568 851.99714
569 853.49702
570 854.99631
571 856.49196
572 857.99239
573 859.49429
574 860.99084
575 862.49002
576 863.99044
577 865.48789
578 866.98825
579 868.48618
580 869.98633
581 871.49024
582 872.98928
583 874.48991
584 875.98994
585 877.49061
586 878.98948
587 880.49215
588 881.99449
589 883.49073
590 884.98524
591 886.48636
592 887.99248
593 889.49067
594 890.98958
595 892.49385
596 893.99064
597 895.48472
598 896.97894
599 898.47641
600 899.97654
601 901.4778
602 902.98102
603 904.484
604 905.97566
605 907.47638
606 908.97268
607 910.47396
608 911.97666
609 913.4842
610 914.98656
611 916.48585
612 917.98722
613 919.4846
614 920.98325
615 922.47915
616 923.97665
617 925.47651
618 926.9841
619 928.48341
620 929.98154
621 931.48579
622 932.98216
623 934.48497
624 935.98955
625 937.4881
626 938.9903
627 940.48683
628 941.98247
629 943.47966
630 944.98465
631 946.47931
632 947.97902
633 949.47438
634 950.96832
635 952.46936
636 953.96639
637 955.47164
638 956.96863
639 958.46968
640 959.97072
641 961.46644
642 962.96154
643 964.46177
644 965.96957
645 967.47123
646 968.96781
647 970.46977
648 971.96751
649 973.46562
650 974.96511
651 976.46687
652 977.96986
653 979.47155
654 980.96368
655 982.4693
656 983.97312
657 985.47286
658 986.97191
659 988.47222
660 989.97421
661 991.4654
662 992.96536
663 994.46501
664 995.96499
665 997.45632
666 998.95895
667 1000.45284
668 1001.95355
669 1003.45053
670 1004.95292
671 1006.45273
672 1007.95406
673 1009.44507
674 1010.94272
675 1012.44143
676 1013.94726
677 1015.45408
678 1016.95618
679 1018.45866
680 1019.94964
681 1021.45446
682 1022.95074
683 1024.44998
684 1025.94887
685 1027.44897
686 1028.94459
687 1030.43842
688 1031.93991
689 1033.44056
690 1034.94603
691 1036.44986
692 1037.94462
693 1039.45019
694 1040.94922
695 1042.45393
696 1043.95757
697 1045.459
698 1046.95358
699 1048.458
700 1049.95876
701 1051.46796
702 1052.96488
703 1054.4705
704 1055.96926
705 1057.46124
706 1058.96248
707 1060.46661
708 1061.96102
709 1063.46539
710 1064.96755
711 1066.46933
712 1067.96582
713 1069.46116
714 1070.9541
715 1072.46036
716 1073.9612
717 1075.45895
718 1076.96293
719 1078.4577
720 1079.96285
721 1081.46341
722 1082.95878
723 1084.46428
724 1085.96339
725 1087.45609
726 1088.95789
727 1090.45577
728 1091.95525
729 1093.45252
730 1094.95245
731 1096.44972
732 1097.95707
733 1099.45565
734 1100.95633
735 1102.46182
736 1103.96143
737 1105.45922
738 1106.95492
739 1108.45053
740 1109.95463
741 1111.45924
742 1112.96155
743 1114.45653
744 1115.95541
745 1117.45541
746 1118.95426
747 1120.44832
748 1121.94868
749 1123.44436
750 1124.94169
751 1126.4446
752 1127.94958
753 1129.44803
754 1130.93966
755 1132.44194
756 1133.94458
757 1135.44484
758 1136.94563
759 1138.44882
760 1139.94509
761 1141.44218
762 1142.94616
763 1144.43697
764 1145.93982
765 1147.44073
766 1148.94312
767 1150.44553
768 1151.95264
769 1153.45894
770 1154.9571
771 1156.46134
772 1157.96174
773 1159.46422
774 1160.96615
775 1162.46434
776 1163.965
777 1165.47061
778 1166.97045
779 1168.46996
780 1169.97286
781 1171.46975
782 1172.96727
783 1174.46757
784 1175.96616
785 1177.45833
786 1178.94933
787 1180.45063
788 1181.9585
789 1183.4584
790 1184.9618
791 1186.4628
792 1187.96363
793 1189.46379
794 1190.95798
795 1192.45884
796 1193.96153
797 1195.4575
798 1196.96569
799 1198.46833
800 1199.96697
801 1201.47044
802 1202.97528
803 1204.47482
804 1205.97465
805 1207.47564
806 1208.9804
807 1210.48398
808 1211.9815
809 1213.48164
810 1214.98027
811 1216.48455
812 1217.98493
813 1219.48712
814 1220.9867
815 1222.48508
816 1223.9885
817 1225.48662
818 1226.98695
819 1228.48893
820 1229.99647
821 1231.49445
822 1232.99597
823 1234.49276
824 1235.98988
825 1237.4927
826 1238.98944
827 1240.48706
828 1241.9974
829 1243.50325
830 1245.00372
831 1246.51071
832 1248.01764
833 1249.51404
834 1251.01147
835 1252.51191
836 1254.01081
837 1255.50637
838 1257.00629
839 1258.5008
840 1259.99951
841 1261.49984
842 1263.00316
843 1264.50315
844 1266.00579
845 1267.50609
846 1269.00383
847 1270.50291
848 1272.00287
849 1273.50399
850 1275.00577
851 1276.50223
852 1278.00025
853 1279.49975
854 1281.00106
855 1282.50381
856 1284.00764
857 1285.5067
858 1287.01136
859 1288.50914
860 1290.01181
861 1291.50876
862 1293.00936
863 1294.5084
864 1296.01479
865 1297.51427
866 1299.01291
867 1300.50668
868 1302.02116
869 1303.52259
870 1305.0203
871 1306.52188
872 1308.02263
873 1309.52327
874 1311.02387
875 1312.52024
876 1314.02266
877 1315.52772
878 1317.02536
879 1318.52501
880 1320.02229
881 1321.52061
882 1323.01636
883 1324.51802
884 1326.01613
885 1327.51625
886 1329.01457
887 1330.51368
888 1332.01586
889 1333.51515
890 1335.01535
891 1336.51386
892 1338.01489
893 1339.51143
894 1341.00649
895 1342.5068
896 1344.00691
897 1345.50302
898 1347.0037
899 1348.50132
900 1350.0111
901 1351.51611
902 1353.01211
903 1354.51925
904 1356.02317
905 1357.52028
906 1359.0192
907 1360.51271
908 1362.01522
909 1363.51206
910 1365.01305
911 1366.51751
912 1368.01478
913 1369.52708
914 1371.02987
915 1372.53421
916 1374.03401
917 1375.53356
918 1377.03995
919 1378.53703
920 1380.03501
921 1381.538
922 1383.03625
923 1384.538
924 1386.03923
925 1387.53522
926 1389.03827
927 1390.53138
928 1392.03044
929 1393.53133
930 1395.02832
931 1396.52799
932 1398.03122
933 1399.53397
934 1401.03433
935 1402.53495
936 1404.03572
937 1405.53382
938 1407.02307
939 1408.51883
940 1410.01218
941 1411.51314
942 1413.00983
943 1414.51401
944 1416.01831
945 1417.50886
946 1419.01179
947 1420.50646
948 1422.00442
949 1423.50994
950 1425.01163
951 1426.51307
952 1428.01304
953 1429.51603
954 1431.02133
955 1432.51955
956 1434.02522
957 1435.52468
958 1437.02966
959 1438.53277
960 1440.02927
961 1441.5255
962 1443.02564
963 1444.52612
964 1446.026
965 1447.5244
966 1449.01806
967 1450.52272
968 1452.02038
969 1453.52426
970 1455.02483
971 1456.52417
972 1458.0258
973 1459.5244
974 1461.02009
975 1462.5146
976 1464.01519
977 1465.50854
978 1467.00816
979 1468.51382
980 1470.00684
981 1471.50458
982 1473.0075
983 1474.51181
984 1476.01379
985 1477.51659
986 1479.02265
987 1480.52976
988 1482.03098
989 1483.52487
990 1485.03031
991 1486.52886
992 1488.0296
993 1489.52691
994 1491.0253
995 1492.53122
996 1494.02569
997 1495.52903
998 1497.023
999 1498.52246
1000 1500.01828
