0 0.0
1 0.99936
2 2.00042
3 3.01015
4 4.00991
5 5.00637
6 6.00419
7 7.00131
8 8.00281
9 8.99976
10 9.99518
11 10.99796
12 12.00075
13 13.00076
14 14.0019
15 15.00262
16 16.00615
17 17.00942
18 18.01022
19 19.00879
20 20.00662
21 21.00316
22 22.0039
23 23.00569
24 23.99973
25 25.00152
26 26.0029
27 27.00563
28 28.00708
29 29.00805
30 30.00808
31 31.00507
32 32.00144
33 32.99916
34 34.00328
35 35.00746
36 36.00739
37 37.00877
38 38.01249
39 39.01589
40 40.01867
41 41.02458
42 42.02731
43 43.03133
44 44.03171
45 45.0334
46 46.03638
47 47.03843
48 48.04198
49 49.04358
50 50.04651
51 51.04835
52 52.05289
53 53.05177
54 54.05173
55 55.0476
56 56.04145
57 57.04344
58 58.04106
59 59.04261
60 60.04346
61 61.04648
62 62.04413
63 63.04194
64 64.04523
65 65.0481
66 66.04175
67 67.04463
68 68.04942
69 69.05241
70 70.04929
71 71.05764
72 72.05203
73 73.05247
74 74.05371
75 75.0547
76 76.05515
77 77.05578
78 78.05504
79 79.05405
80 80.05566
81 81.0624
82 82.05642
83 83.0566
84 84.05759
85 85.05917
86 86.06351
87 87.06575
88 88.06695
89 89.07266
90 90.07091
91 91.06649
92 92.07063
93 93.06989
94 94.07309
95 95.07202
96 96.07397
97 97.07633
98 98.08056
99 99.08186
100 100.08112
101 101.07736
102 102.07842
103 103.07944
104 104.07643
105 105.07125
106 106.07965
107 107.08402
108 108.0899
109 109.09012
110 110.09373
111 111.0988
112 112.09504
113 113.09139
114 114.09276
115 115.09089
116 116.09256
117 117.0944
118 118.09815
119 119.09482
120 120.09468
121 121.09809
122 122.09533
123 123.09281
124 124.08816
125 125.08843
126 126.09052
127 127.08828
128 128.09383
129 129.09759
130 130.09517
131 131.10096
132 132.10101
133 133.09991
134 134.09957
135 135.09907
136 136.09771
137 137.09839
138 138.09544
139 139.08841
140 140.08594
141 141.08636
142 142.08345
143 143.0855
144 144.08311
145 145.08135
146 146.0823
147 147.08092
148 148.07037
149 149.07104
150 150.07445
151 151.0707
152 152.07398
153 153.06768
154 154.06889
155 155.06086
156 156.05597
157 157.0567
158 158.05965
159 159.06386
160 160.06684
161 161.07001
162 162.07021
163 163.07189
164 164.06919
165 165.0712
166 166.07306
167 167.07238
168 168.07527
169 169.07504
170 170.07323
171 171.07038
172 172.07416
173 173.07579
174 174.07141
175 175.07277
176 176.0711
177 177.07776
178 178.07549
179 179.0783
180 180.08059
181 181.08156
182 182.08388
183 183.0806
184 184.0805
185 185.08684
186 186.08563
187 187.08376
188 188.0829
189 189.0819
190 190.08179
191 191.08036
192 192.07701
193 193.08054
194 194.07901
195 195.07587
196 196.07808
197 197.07754
198 198.08164
199 199.08258
200 200.07712
201 201.08071
202 202.07923
203 203.07909
204 204.07502
205 205.07597
206 206.08272
207 207.09028
208 208.09079
209 209.09073
210 210.09202
211 211.09246
212 212.09341
213 213.08861
214 214.08719
215 215.08643
216 216.08591
217 217.08853
218 218.08416
219 219.08336
220 220.08263
221 221.08171
222 222.08139
223 223.07662
224 224.07587
225 225.07519
226 226.07963
227 227.0725
228 228.07409
229 229.0787
230 230.07974
231 231.07738
232 232.07616
233 233.07605
234 234.07378
235 235.07983
236 236.0868
237 237.085
238 238.08505
239 239.08923
240 240.08706
241 241.09002
242 242.09104
243 243.09092
244 244.09377
245 245.09429
246 246.09579
247 247.09146
248 248.08822
249 249.08914
250 250.08657
251 251.08727
252 252.08642
253 253.08402
254 254.08074
255 255.0803
256 256.08282
257 257.08112
258 258.07567
259 259.07738
260 260.07529
261 261.07767
262 262.07057
263 263.06893
264 264.07143
265 265.0668
266 266.06593
267 267.06727
268 268.06972
269 269.07102
270 270.06704
271 271.06699
272 272.07456
273 273.07742
274 274.07018
275 275.07055
276 276.06604
277 277.0682
278 278.06671
279 279.06826
280 280.0701
281 281.0673
282 282.06173
283 283.0639
284 284.06035
285 285.06184
286 286.06983
287 287.07336
288 288.06821
289 289.0677
290 290.06845
291 291.07113
292 292.07089
293 293.07455
294 294.07524
295 295.06518
296 296.07073
297 297.06898
298 298.07179
299 299.07053
300 300.07006
301 301.07156
302 302.07099
303 303.07313
304 304.07101
305 305.07095
306 306.06897
307 307.06666
308 308.0626
309 309.06777
310 310.06438
311 311.06394
312 312.06694
313 313.0634
314 314.06322
315 315.06323
316 316.063
317 317.06576
318 318.07114
319 319.0721
320 320.07558
321 321.07163
322 322.0699
323 323.06613
324 324.06895
325 325.06779
326 326.06852
327 327.06436
328 328.06255
329 329.06663
330 330.06805
331 331.07281
332 332.07268
333 333.07158
334 334.0677
335 335.06596
336 336.06862
337 337.06792
338 338.07494
339 339.07918
340 340.07705
341 341.07908
342 342.07399
343 343.07199
344 344.0719
345 345.07305
346 346.07893
347 347.07909
348 348.08142
349 349.07358
350 350.07398
351 351.07378
352 352.07521
353 353.07147
354 354.07118
355 355.07192
356 356.0689
357 357.06833
358 358.06573
359 359.06259
360 360.05933
361 361.05435
362 362.04886
363 363.04962
364 364.04976
365 365.04684
366 366.04735
367 367.04572
368 368.04859
369 369.05053
370 370.04672
371 371.04969
372 372.05756
373 373.05686
374 374.05985
375 375.05786
376 376.05639
377 377.05025
378 378.05097
379 379.05129
380 380.04829
381 381.04565
382 382.04403
383 383.04489
384 384.04255
385 385.04332
386 386.04327
387 387.04289
388 388.04336
389 389.03703
390 390.03307
391 391.03656
392 392.03861
393 393.03407
394 394.03047
395 395.03078
396 396.02834
397 397.02963
398 398.03128
399 399.03092
400 400.03483
401 401.03613
402 402.03437
403 403.03073
404 404.03132
405 405.02852
406 406.02869
407 407.02597
408 408.02496
409 409.02379
410 410.0238
411 411.02661
412 412.03057
413 413.02621
414 414.02661
415 415.02511
416 416.02391
417 417.0265
418 418.02258
419 419.0253
420 420.0277
421 421.03042
422 422.02279
423 423.02397
424 424.02627
425 425.02681
426 426.02847
427 427.03162
428 428.03224
429 429.03081
430 430.03774
431 431.03955
432 432.03614
433 433.03515
434 434.03342
435 435.03651
436 436.03702
437 437.03697
438 438.03867
439 439.04334
440 440.04617
441 441.04521
442 442.04987
443 443.04948
444 444.05192
445 445.05098
446 446.05472
447 447.05784
448 448.05978
449 449.05711
450 450.0629
451 451.06459
452 452.05872
453 453.06283
454 454.0617
455 455.06654
456 456.06799
457 457.0666
458 458.06728
459 459.06752
460 460.0711
461 461.07568
462 462.07855
463 463.07964
464 464.08209
465 465.08637
466 466.08466
467 467.08437
468 468.08467
469 469.08473
470 470.08889
471 471.09151
472 472.09409
473 473.09753
474 474.09631
475 475.10134
476 476.10492
477 477.10306
478 478.0982
479 479.09669
480 480.09968
481 481.10493
482 482.10726
483 483.10522
484 484.10685
485 485.10606
486 486.10406
487 487.10165
488 488.10706
489 489.10829
490 490.10614
491 491.10611
492 492.10288
493 493.09602
494 494.09935
495 495.09744
496 496.10079
497 497.1049
498 498.11012
499 499.10379
500 500.10117
501 501.09972
502 502.10555
503 503.11077
504 504.11041
505 505.10973
506 506.11802
507 507.11789
508 508.11177
509 509.10739
510 510.10154
511 511.1007
512 512.09963
513 513.0964
514 514.09576
515 515.09512
516 516.09978
517 517.1053
518 518.10868
519 519.11227
520 520.11205
521 521.11141
522 522.11477
523 523.11206
524 524.11517
525 525.11842
526 526.12063
527 527.12054
528 528.1231
529 529.12827
530 530.13302
531 531.12963
532 532.12737
533 533.12985
534 534.13501
535 535.13275
536 536.13622
537 537.13664
538 538.13558
539 539.14032
540 540.14057
541 541.14143
542 542.14786
543 543.14431
544 544.14148
545 545.14364
546 546.14305
547 547.14429
548 548.14549
549 549.14559
550 550.13794
551 551.13832
552 552.13631
553 553.13839
554 554.13473
555 555.13571
556 556.13532
557 557.13874
558 558.14327
559 559.14709
560 560.1465
561 561.14485
562 562.14383
563 563.14048
564 564.13556
565 565.13769
566 566.13688
567 567.13885
568 568.13973
569 569.13969
570 570.13896
571 571.1396
572 572.13586
573 573.13176
574 574.12928
575 575.12499
576 576.11979
577 577.12295
578 578.12148
579 579.12198
580 580.12341
581 581.11973
582 582.12401
583 583.12214
584 584.12233
585 585.11865
586 586.11795
587 587.11736
588 588.11665
589 589.11096
590 590.11483
591 591.11349
592 592.11576
593 593.11934
594 594.12419
595 595.12208
596 596.11734
597 597.11288
598 598.11952
599 599.11551
600 600.11448
601 601.12163
602 602.12869
603 603.13023
604 604.13139
605 605.1293
606 606.12469
607 607.12699
608 608.12631
609 609.12524
610 610.1276
611 611.13288
612 612.12967
613 613.13273
614 614.12981
615 615.12895
616 616.12492
617 617.1232
618 618.11756
619 619.12043
620 620.11992
621 621.11972
622 622.11955
623 623.12662
624 624.12758
625 625.13005
626 626.12566
627 627.12114
628 628.11735
629 629.11945
630 630.1242
631 631.12192
632 632.12155
633 633.11892
634 634.1163
635 635.11882
636 636.1138
637 637.11326
638 638.10988
639 639.10826
640 640.11005
641 641.10665
642 642.11085
643 643.11107
644 644.10854
645 645.11284
646 646.11225
647 647.11255
648 648.11448
649 649.11107
650 650.11002
651 651.10646
652 652.10682
653 653.10408
654 654.10914
655 655.1116
656 656.10911
657 657.10858
658 658.10805
659 659.10612
660 660.10665
661 661.10778
662 662.10928
663 663.11218
664 664.11419
665 665.1116
666 666.10958
667 667.10959
668 668.10568
669 669.10206
670 670.10573
671 671.11219
672 672.11494
673 673.117
674 674.11678
675 675.11643
676 676.11918
677 677.11327
678 678.11801
679 679.1177
680 680.11535
681 681.12047
682 682.11628
683 683.11933
684 684.11896
685 685.11721
686 686.11645
687 687.12101
688 688.11735
689 689.11577
690 690.11645
691 691.11775
692 692.11573
693 693.11449
694 694.11236
695 695.10814
696 696.10683
697 697.10611
698 698.10583
699 699.10798
700 700.10655
701 701.10328
702 702.10795
703 703.10599
704 704.10905
705 705.1105
706 706.11472
707 707.10912
708 708.10979
709 709.10919
710 710.11056
711 711.11122
712 712.11172
713 713.11063
714 714.10951
715 715.10814
716 716.10994
717 717.1171
718 718.1183
719 719.11467
720 720.11172
721 721.11271
722 722.11888
723 723.11652
724 724.11841
725 725.11955
726 726.12219
727 727.12678
728 728.12855
729 729.13057
730 730.12746
731 731.12809
732 732.12904
733 733.13088
734 734.13064
735 735.12794
736 736.12687
737 737.12845
738 738.12831
739 739.13093
740 740.12907
741 741.12472
742 742.1253
743 743.12514
744 744.12313
745 745.12303
746 746.12411
747 747.12552
748 748.12043
749 749.12244
750 750.12502
751 751.11889
752 752.11127
753 753.1137
754 754.11637
755 755.11411
756 756.10917
757 757.11365
758 758.11367
759 759.11911
760 760.11617
761 761.11932
762 762.11626
763 763.11584
764 764.11887
765 765.11509
766 766.11724
767 767.12001
768 768.11899
769 769.12085
770 770.12186
771 771.11972
772 772.12624
773 773.12693
774 774.13313
775 775.1363
776 776.13468
777 777.13656
778 778.13585
779 779.13906
780 780.14415
781 781.14218
782 782.14322
783 783.14665
784 784.14508
785 785.14716
786 786.14827
787 787.14649
788 788.14815
789 789.14743
790 790.15288
791 791.15397
792 792.15084
793 793.1575
794 794.15483
795 795.15454
796 796.15361
797 797.15338
798 798.15729
799 799.15364
800 800.15526
801 801.15613
802 802.15713
803 803.15959
804 804.16114
805 805.16135
806 806.16556
807 807.16511
808 808.16858
809 809.17223
810 810.17005
811 811.16746
812 812.16301
813 813.16368
814 814.16027
815 815.15522
816 816.1543
817 817.15034
818 818.14387
819 819.14733
820 820.13948
821 821.14031
822 822.14101
823 823.14005
824 824.14165
825 825.13986
826 826.14071
827 827.13872
828 828.13479
829 829.13862
830 830.13574
831 831.13648
832 832.13733
833 833.13291
834 834.13077
835 835.13137
836 836.13292
837 837.13271
838 838.1341
839 839.136
840 840.13445
841 841.13208
842 842.13979
843 843.13667
844 844.13656
845 845.14116
846 846.14229
847 847.13889
848 848.13683
849 849.1408
850 850.1422
851 851.13902
852 852.14221
853 853.13927
854 854.13976
855 855.13799
856 856.14067
857 857.13739
858 858.13792
859 859.13786
860 860.13875
861 861.14702
862 862.14822
863 863.14808
864 864.14631
865 865.15105
866 866.15208
867 867.15019
868 868.14894
869 869.15094
870 870.15307
871 871.1519
872 872.15458
873 873.15308
874 874.15698
875 875.15277
876 876.15439
877 877.15645
878 878.14917
879 879.15277
880 880.15516
881 881.15301
882 882.15179
883 883.15243
884 884.14858
885 885.14607
886 886.14434
887 887.14907
888 888.15064
889 889.15776
890 890.161
891 891.15595
892 892.15726
893 893.15671
894 894.15202
895 895.15178
896 896.15228
897 897.15687
898 898.15478
899 899.16109
900 900.15987
901 901.15579
902 902.15764
903 903.15704
904 904.15449
905 905.15335
906 906.15332
907 907.15752
908 908.15947
909 909.16465
910 910.1719
911 911.17306
912 912.16963
913 913.1678
914 914.17118
915 915.17105
916 916.17277
917 917.17073
918 918.17517
919 919.17669
920 920.17651
921 921.1776
922 922.17911
923 923.17914
924 924.1771
925 925.17077
926 926.17245
927 927.1763
928 928.17681
929 929.17732
930 930.18351
931 931.18603
932 932.1863
933 933.18621
934 934.18825
935 935.18678
936 936.19114
937 937.1904
938 938.19196
939 939.18661
940 940.18763
941 941.18679
942 942.18973
943 943.19157
944 944.1919
945 945.18869
946 946.18501
947 947.18632
948 948.18972
949 949.19313
950 950.19516
951 951.19904
952 952.19589
953 953.19839
954 954.19679
955 955.20095
956 956.19817
957 957.19626
958 958.2019
959 959.20431
960 960.21112
961 961.207
962 962.2086
963 963.20663
964 964.20705
965 965.2082
966 966.21013
967 967.20483
968 968.20276
969 969.19878
970 970.19432
971 971.19695
972 972.19732
973 973.19468
974 974.19849
975 975.19972
976 976.20163
977 977.20283
978 978.19931
979 979.19586
980 980.19763
981 981.2026
982 982.19996
983 983.20193
984 984.20249
985 985.20401
986 986.20283
987 987.20597
988 988.2048
989 989.20814
990 990.20434
991 991.20687
992 992.2047
993 993.20823
994 994.20653
995 995.20958
996 996.20768
997 997.20789
998 998.20872
999 999.21113
1000 1000.20647
