0 0.0
1 0.49444
2 0.99527
3 1.49778
4 1.99545
5 2.49692
6 2.9975
7 3.49388
8 3.9907
9 4.48964
10 4.98693
11 5.48565
12 5.98405
13 6.48488
14 6.9868
15 7.48425
16 7.98387
17 8.48354
18 8.979
19 9.47674
20 9.98032
21 10.48278
22 10.98434
23 11.48357
24 11.98317
25 12.48243
26 12.98157
27 13.4846
28 13.98932
29 14.48967
30 14.98843
31 15.48684
32 15.98776
33 16.48335
34 16.9804
35 17.47836
36 17.97641
37 18.47905
38 18.97389
39 19.47494
40 19.97635
41 20.48042
42 20.9788
43 21.48179
44 21.98012
45 22.48371
46 22.97809
47 23.47536
48 23.97808
49 24.47888
50 24.98195
51 25.47974
52 25.97781
53 26.47832
54 26.97326
55 27.46697
56 27.9665
57 28.47091
58 28.97087
59 29.47151
60 29.97109
61 30.46823
62 30.9671
63 31.46902
64 31.97367
65 32.47157
66 32.971
67 33.47183
68 33.96971
69 34.46912
70 34.96715
71 35.46614
72 35.96585
73 36.46461
74 36.9651
75 37.46419
76 37.96481
77 38.46532
78 38.96414
79 39.4594
80 39.95881
81 40.45959
82 40.96163
83 41.46176
84 41.96443
85 42.46305
86 42.96008
87 43.46068
88 43.95776
89 44.45651
90 44.95564
91 45.45809
92 45.95902
93 46.46087
94 46.96004
95 47.46119
96 47.95917
97 48.45847
98 48.95937
99 49.4543
100 49.95429
101 50.45478
102 50.95335
103 51.45299
104 51.95247
105 52.44923
106 52.94582
107 53.44565
108 53.94619
109 54.44816
110 54.94538
111 55.446
112 55.94673
113 56.44822
114 56.951
115 57.45177
116 57.95394
117 58.45179
118 58.95357
119 59.45428
120 59.95548
121 60.45647
122 60.95719
123 61.45998
124 61.95335
125 62.45652
126 62.9595
127 63.45869
128 63.95668
129 64.45651
130 64.95886
131 65.45544
132 65.95879
133 66.4614
134 66.95938
135 67.45909
136 67.96155
137 68.45892
138 68.95993
139 69.4573
140 69.96087
141 70.46291
142 70.96202
143 71.46509
144 71.95959
145 72.45871
146 72.95628
147 73.45548
148 73.9545
149 74.45491
150 74.95557
151 75.45417
152 75.95549
153 76.45827
154 76.95802
155 77.45851
156 77.96021
157 78.46236
158 78.96279
159 79.4635
160 79.96317
161 80.46319
162 80.96102
163 81.45977
164 81.96018
165 82.46102
166 82.96244
167 83.46057
168 83.95684
169 84.45426
170 84.9556
171 85.45739
172 85.95686
173 86.4584
174 86.95435
175 87.45411
176 87.95646
177 88.459
178 88.95978
179 89.46163
180 89.96228
181 90.46239
182 90.96107
183 91.46093
184 91.95923
185 92.45913
186 92.95874
187 93.45673
188 93.95797
189 94.45997
190 94.95818
191 95.45563
192 95.95875
193 96.45679
194 96.95672
195 97.45312
196 97.95319
197 98.45251
198 98.95451
199 99.44921
200 99.95164
201 100.45612
202 100.955
203 101.45521
204 101.95318
205 102.45392
206 102.95338
207 103.45559
208 103.95546
209 104.45652
210 104.95691
211 105.45817
212 105.95815
213 106.46047
214 106.96446
215 107.46536
216 107.96526
217 108.46495
218 108.96761
219 109.46913
220 109.97148
221 110.47546
222 110.97188
223 111.47243
224 111.96949
225 112.47038
226 112.96785
227 113.46733
228 113.96805
229 114.46657
230 114.96662
231 115.46407
232 115.96401
233 116.46278
234 116.96371
235 117.4622
236 117.96066
237 118.46114
238 118.95892
239 119.45456
240 119.95454
241 120.45489
242 120.95043
243 121.44605
244 121.94588
245 122.44
246 122.93991
247 123.43669
248 123.93494
249 124.43314
250 124.93562
251 125.43747
252 125.93938
253 126.44022
254 126.93886
255 127.43488
256 127.93195
257 128.42847
258 128.92378
259 129.42322
260 129.92413
261 130.42579
262 130.92715
263 131.43063
264 131.93046
265 132.42899
266 132.93189
267 133.43404
268 133.93321
269 134.43634
270 134.93713
271 135.43707
272 135.94055
273 136.43705
274 136.93674
275 137.43825
276 137.93902
277 138.43976
278 138.94244
279 139.44377
280 139.94044
281 140.43954
282 140.9386
283 141.44049
284 141.93704
285 142.43558
286 142.93513
287 143.43573
288 143.93893
289 144.4382
290 144.93362
291 145.4341
292 145.93503
293 146.43441
294 146.93523
295 147.43708
296 147.94227
297 148.44398
298 148.94414
299 149.44752
300 149.95153
301 150.45005
302 150.95128
303 151.45079
304 151.95026
305 152.45064
306 152.95364
307 153.45349
308 153.95175
309 154.44832
310 154.94735
311 155.44979
312 155.94944
313 156.44926
314 156.94793
315 157.44902
316 157.94647
317 158.44672
318 158.94666
319 159.44253
320 159.94004
321 160.43734
322 160.93467
323 161.43358
324 161.93157
325 162.4316
326 162.93145
327 163.42982
328 163.93176
329 164.43119
330 164.931
331 165.4303
332 165.92798
333 166.42785
334 166.92875
335 167.42673
336 167.92601
337 168.42152
338 168.92411
339 169.42275
340 169.92265
341 170.42405
342 170.92156
343 171.42323
344 171.9244
345 172.42001
346 172.91679
347 173.4201
348 173.92009
349 174.42227
350 174.9225
351 175.42243
352 175.92499
353 176.42871
354 176.92895
355 177.42471
356 177.92284
357 178.42476
358 178.9268
359 179.42617
360 179.92584
361 180.42798
362 180.92991
363 181.4322
364 181.93528
365 182.43736
366 182.93886
367 183.43961
368 183.93957
369 184.43715
370 184.93914
371 185.43804
372 185.94128
373 186.44352
374 186.94288
375 187.4434
376 187.94552
377 188.44865
378 188.94798
379 189.44433
380 189.94251
381 190.44329
382 190.94104
383 191.44371
384 191.94221
385 192.44534
386 192.94488
387 193.44415
388 193.94428
389 194.44479
390 194.94434
391 195.44583
392 195.94536
393 196.44729
394 196.94569
395 197.44462
396 197.94393
397 198.44271
398 198.94223
399 199.44533
400 199.94505
401 200.43982
402 200.94186
403 201.44017
404 201.94241
405 202.44484
406 202.94676
407 203.44748
408 203.94302
409 204.44384
410 204.94363
411 205.44449
412 205.9457
413 206.44527
414 206.94352
415 207.44244
416 207.94336
417 208.44233
418 208.9418
419 209.44063
420 209.93864
421 210.43797
422 210.93717
423 211.44015
424 211.93885
425 212.43783
426 212.9391
427 213.43759
428 213.93803
429 214.43763
430 214.93703
431 215.4369
432 215.93976
433 216.43747
434 216.934
435 217.43475
436 217.93366
437 218.43345
438 218.93069
439 219.43014
440 219.93169
441 220.42956
442 220.93179
443 221.43161
444 221.93333
445 222.43361
446 222.93294
447 223.43366
448 223.935
449 224.43595
450 224.93567
451 225.43447
452 225.93724
453 226.43961
454 226.94038
455 227.43989
456 227.93797
457 228.43395
458 228.93323
459 229.43531
460 229.92832
461 230.42999
462 230.92749
463 231.42521
464 231.92075
465 232.4193
466 232.91902
467 233.41512
468 233.91579
469 234.41859
470 234.9205
471 235.41867
472 235.91652
473 236.41588
474 236.91535
475 237.41416
476 237.91208
477 238.41488
478 238.91296
479 239.41226
480 239.91455
481 240.41565
482 240.91278
483 241.41372
484 241.91233
485 242.41224
486 242.91001
487 243.41088
488 243.91438
489 244.41332
490 244.91014
491 245.41306
492 245.91199
493 246.40919
494 246.90486
495 247.40167
496 247.90412
497 248.40834
498 248.90672
499 249.40769
500 249.90733
501 250.40701
502 250.90794
503 251.40757
504 251.90576
505 252.4004
506 252.90014
507 253.39885
508 253.90076
509 254.39927
510 254.90216
511 255.40384
512 255.90165
513 256.40241
514 256.90438
515 257.40488
516 257.90356
517 258.40189
518 258.89862
519 259.39772
520 259.89837
521 260.39878
522 260.89482
523 261.39615
524 261.89228
525 262.3944
526 262.89718
527 263.39468
528 263.89591
529 264.39478
530 264.89902
531 265.40163
532 265.90089
533 266.40402
534 266.9064
535 267.40667
536 267.90612
537 268.40538
538 268.91098
539 269.41257
540 269.91014
541 270.41514
542 270.91862
543 271.4187
544 271.91699
545 272.41583
546 272.91798
547 273.41942
548 273.91978
549 274.41648
550 274.91853
551 275.41878
552 275.91612
553 276.41678
554 276.91602
555 277.41716
556 277.91639
557 278.41974
558 278.92155
559 279.41835
560 279.91798
561 280.41542
562 280.9146
563 281.41547
564 281.91632
565 282.41932
566 282.91851
567 283.41915
568 283.92011
569 284.42411
570 284.92634
571 285.42647
572 285.92634
573 286.42698
574 286.92433
575 287.42565
576 287.9254
577 288.42373
578 288.92282
579 289.42427
580 289.92612
581 290.42628
582 290.929
583 291.42952
584 291.92556
585 292.42446
586 292.92524
587 293.42532
588 293.9235
589 294.4242
590 294.92249
591 295.42028
592 295.92153
593 296.42153
594 296.92078
595 297.42075
596 297.91848
597 298.41909
598 298.92086
599 299.42316
600 299.92236
601 300.42532
602 300.92207
603 301.4201
604 301.91894
605 302.41947
606 302.92217
607 303.42712
608 303.92562
609 304.42879
610 304.92734
611 305.42926
612 305.92869
613 306.42875
614 306.92785
615 307.42691
616 307.92952
617 308.43193
618 308.93049
619 309.43186
620 309.93088
621 310.4307
622 310.93183
623 311.42814
624 311.92765
625 312.42754
626 312.92265
627 313.42614
628 313.9272
629 314.4268
630 314.92943
631 315.42805
632 315.92956
633 316.4255
634 316.92477
635 317.42049
636 317.91921
637 318.41879
638 318.91959
639 319.42221
640 319.92178
641 320.41965
642 320.92098
643 321.42733
644 321.92522
645 322.42484
646 322.92471
647 323.42448
648 323.92464
649 324.42865
650 324.92953
651 325.42837
652 325.92928
653 326.43227
654 326.93338
655 327.43085
656 327.93129
657 328.43277
658 328.93451
659 329.43434
660 329.93289
661 330.43074
662 330.93174
663 331.42816
664 331.93139
665 332.43018
666 332.9336
667 333.43249
668 333.93345
669 334.43799
670 334.93913
671 335.44391
672 335.94272
673 336.44575
674 336.9467
675 337.44743
676 337.94705
677 338.44697
678 338.94698
679 339.4435
680 339.94354
681 340.44241
682 340.93781
683 341.43813
684 341.9397
685 342.43687
686 342.94055
687 343.44196
688 343.94268
689 344.44718
690 344.94767
691 345.44854
692 345.94894
693 346.44982
694 346.94781
695 347.44674
696 347.94245
697 348.44899
698 348.95001
699 349.45005
700 349.94659
701 350.44807
702 350.95169
703 351.45106
704 351.94498
705 352.44335
706 352.94641
707 353.44142
708 353.94327
709 354.44258
710 354.94242
711 355.44016
712 355.94067
713 356.4434
714 356.94473
715 357.4415
716 357.94496
717 358.44575
718 358.94509
719 359.44808
720 359.94837
721 360.44536
722 360.94193
723 361.43909
724 361.93733
725 362.43755
726 362.9384
727 363.43708
728 363.93626
729 364.43717
730 364.93821
731 365.43887
732 365.9357
733 366.43595
734 366.93247
735 367.43479
736 367.931
737 368.43181
738 368.93522
739 369.43514
740 369.93528
741 370.43614
742 370.93702
743 371.43333
744 371.9325
745 372.43069
746 372.93108
747 373.42957
748 373.92576
749 374.42425
750 374.92207
751 375.42397
752 375.92655
753 376.42712
754 376.92601
755 377.43058
756 377.93191
757 378.43114
758 378.93177
759 379.43223
760 379.92926
761 380.42908
762 380.92861
763 381.43212
764 381.93112
765 382.43202
766 382.93328
767 383.4313
768 383.93205
769 384.43421
770 384.93408
771 385.43576
772 385.93754
773 386.43882
774 386.94005
775 387.44329
776 387.94203
777 388.44298
778 388.94248
779 389.44601
780 389.94558
781 390.44228
782 390.94041
783 391.43934
784 391.93983
785 392.44097
786 392.94436
787 393.44504
788 393.94454
789 394.44347
790 394.94297
791 395.44321
792 395.94292
793 396.44181
794 396.94483
795 397.44241
796 397.94395
797 398.44446
798 398.94756
799 399.44439
800 399.94673
801 400.44821
802 400.94736
803 401.44319
804 401.94387
805 402.44292
806 402.93941
807 403.44557
808 403.94619
809 404.44982
810 404.94839
811 405.44681
812 405.94672
813 406.44316
814 406.9404
815 407.44232
816 407.94243
817 408.44434
818 408.94277
819 409.44236
820 409.94292
821 410.4413
822 410.94382
823 411.4474
824 411.95047
825 412.44319
826 412.94249
827 413.44476
828 413.94525
829 414.44267
830 414.94231
831 415.44018
832 415.93633
833 416.43878
834 416.93948
835 417.44093
836 417.94243
837 418.4438
838 418.94215
839 419.44114
840 419.94207
841 420.4447
842 420.94483
843 421.44418
844 421.94526
845 422.44438
846 422.94764
847 423.4472
848 423.94814
849 424.44505
850 424.94377
851 425.43953
852 425.93738
853 426.43856
854 426.93908
855 427.43938
856 427.94025
857 428.44218
858 428.94615
859 429.44538
860 429.94631
861 430.44465
862 430.9467
863 431.44777
864 431.94735
865 432.44243
866 432.94253
867 433.44659
868 433.94414
869 434.44467
870 434.9446
871 435.44516
872 435.94595
873 436.44951
874 436.95071
875 437.44947
876 437.94806
877 438.45104
878 438.95074
879 439.44742
880 439.94764
881 440.44574
882 440.94396
883 441.44644
884 441.9419
885 442.44299
886 442.9438
887 443.44013
888 443.94138
889 444.44399
890 444.94754
891 445.44716
892 445.94724
893 446.44836
894 446.94903
895 447.45143
896 447.95119
897 448.44932
898 448.94783
899 449.44941
900 449.94936
901 450.45217
902 450.9553
903 451.45216
904 451.95267
905 452.45445
906 452.95627
907 453.4555
908 453.95525
909 454.4558
910 454.95589
911 455.45855
912 455.95988
913 456.45758
914 456.95942
915 457.45813
916 457.95597
917 458.45758
918 458.95928
919 459.45885
920 459.95532
921 460.45676
922 460.95535
923 461.45669
924 461.95861
925 462.46018
926 462.96275
927 463.46056
928 463.96151
929 464.46003
930 464.96063
931 465.45883
932 465.9599
933 466.46037
934 466.95517
935 467.4577
936 467.95599
937 468.45472
938 468.95588
939 469.45596
940 469.95621
941 470.46176
942 470.9607
943 471.46225
944 471.9646
945 472.46415
946 472.96363
947 473.46131
948 473.96412
949 474.46257
950 474.96351
951 475.46235
952 475.96368
953 476.4655
954 476.96464
955 477.4671
956 477.96654
957 478.46555
958 478.96848
959 479.47022
960 479.9706
961 480.46968
962 480.96944
963 481.46712
964 481.96745
965 482.46908
966 482.96784
967 483.46905
968 483.97024
969 484.46911
970 484.97261
971 485.4731
972 485.97762
973 486.4805
974 486.98099
975 487.47653
976 487.97538
977 488.47006
978 488.97038
979 489.47065
980 489.97195
981 490.47142
982 490.97455
983 491.47258
984 491.97302
985 492.47232
986 492.96928
987 493.46705
988 493.9653
989 494.46844
990 494.96656
991 495.46325
992 495.96457
993 496.46427
994 496.9638
995 497.46521
996 497.96739
997 498.46839
998 498.9739
999 499.4719
1000 499.9709
