0 0.0
1 1.0
2 2.0
3 4.0
4 6.0
5 8.0
6 11.0
7 14.0
8 14.0
9 16.0
10 16.0
11 19.0
12 21.0
13 23.0
14 27.0
15 28.0
16 29.0
17 32.0
18 33.0
19 35.0
20 36.0
21 37.0
22 38.0
23 40.0
24 40.0
25 41.0
26 45.0
27 46.0
28 47.0
29 49.0
30 51.0
31 55.0
32 56.0
33 58.0
34 59.0
35 60.0
36 62.0
37 62.0
38 63.0
39 64.0
40 66.0
41 66.0
42 68.0
43 72.0
44 73.0
45 75.0
46 79.0
47 80.0
48 82.0
49 86.0
50 90.0
51 91.0
52 91.0
53 93.0
54 93.0
55 95.0
56 95.0
57 95.0
58 98.0
59 99.0
60 100.0
61 103.0
62 103.0
63 105.0
64 108.0
65 109.0
66 113.0
67 114.0
68 116.0
69 119.0
70 121.0
71 123.0
72 127.0
73 131.0
74 131.0
75 133.0
76 134.0
77 136.0
78 138.0
79 138.0
80 140.0
81 144.0
82 145.0
83 146.0
84 148.0
85 148.0
86 150.0
87 152.0
88 152.0
89 154.0
90 154.0
91 158.0
92 159.0
93 160.0
94 160.0
95 166.0
96 168.0
97 170.0
98 173.0
99 174.0
100 177.0
101 177.0
102 178.0
103 181.0
104 186.0
105 187.0
106 188.0
107 188.0
108 188.0
109 191.0
110 192.0
111 195.0
112 196.0
113 199.0
114 201.0
115 204.0
116 205.0
117 207.0
118 210.0
119 211.0
120 211.0
121 212.0
122 212.0
123 213.0
124 213.0
125 213.0
126 217.0
127 218.0
128 218.0
129 219.0
130 219.0
131 221.0
132 222.0
133 224.0
134 225.0
135 225.0
136 225.0
137 226.0
138 227.0
139 228.0
140 229.0
141 229.0
142 231.0
143 232.0
144 232.0
145 235.0
146 236.0
147 238.0
148 239.0
149 241.0
150 242.0
151 243.0
152 244.0
153 246.0
154 246.0
155 247.0
156 251.0
157 253.0
158 256.0
159 258.0
160 258.0
161 259.0
162 260.0
163 261.0
164 261.0
165 262.0
166 262.0
167 263.0
168 263.0
169 263.0
170 263.0
171 265.0
172 267.0
173 268.0
174 269.0
175 271.0
176 272.0
177 273.0
178 276.0
179 276.0
180 276.0
181 278.0
182 280.0
183 281.0
184 284.0
185 284.0
186 285.0
187 285.0
188 286.0
189 286.0
190 288.0
191 288.0
192 289.0
193 290.0
194 293.0
195 294.0
196 295.0
197 295.0
198 296.0
199 296.0
200 296.0
201 300.0
202 300.0
203 301.0
204 302.0
205 305.0
206 307.0
207 308.0
208 309.0
209 309.0
210 311.0
211 311.0
212 311.0
213 313.0
214 315.0
215 319.0
216 320.0
217 321.0
218 322.0
219 323.0
220 326.0
221 328.0
222 328.0
223 328.0
224 329.0
225 330.0
226 332.0
227 336.0
228 337.0
229 338.0
230 340.0
231 342.0
232 344.0
233 345.0
234 346.0
235 348.0
236 350.0
237 351.0
238 354.0
239 359.0
240 360.0
241 362.0
242 364.0
243 366.0
244 367.0
245 367.0
246 370.0
247 373.0
248 376.0
249 378.0
250 381.0
251 383.0
252 383.0
253 387.0
254 388.0
255 391.0
256 394.0
257 394.0
258 398.0
259 399.0
260 399.0
261 401.0
262 402.0
263 402.0
264 404.0
265 406.0
266 406.0
267 407.0
268 411.0
269 412.0
270 414.0
271 415.0
272 416.0
273 419.0
274 419.0
275 420.0
276 421.0
277 421.0
278 422.0
279 424.0
280 426.0
281 427.0
282 428.0
283 430.0
284 431.0
285 432.0
286 434.0
287 434.0
288 434.0
289 435.0
290 435.0
291 436.0
292 437.0
293 441.0
294 442.0
295 445.0
296 445.0
297 446.0
298 449.0
299 450.0
300 450.0
301 451.0
302 451.0
303 456.0
304 457.0
305 458.0
306 461.0
307 463.0
308 463.0
309 464.0
310 467.0
311 470.0
312 470.0
313 472.0
314 474.0
315 474.0
316 475.0
317 478.0
318 480.0
319 480.0
320 482.0
321 483.0
322 484.0
323 486.0
324 487.0
325 488.0
326 489.0
327 490.0
328 493.0
329 494.0
330 498.0
331 499.0
332 501.0
333 505.0
334 508.0
335 509.0
336 510.0
337 511.0
338 511.0
339 511.0
340 512.0
341 513.0
342 515.0
343 516.0
344 520.0
345 521.0
346 524.0
347 527.0
348 527.0
349 528.0
350 529.0
351 530.0
352 531.0
353 533.0
354 534.0
355 535.0
356 537.0
357 539.0
358 539.0
359 540.0
360 542.0
361 544.0
362 546.0
363 548.0
364 550.0
365 552.0
366 553.0
367 556.0
368 559.0
369 561.0
370 564.0
371 566.0
372 568.0
373 568.0
374 568.0
375 570.0
376 572.0
377 573.0
378 574.0
379 575.0
380 579.0
381 580.0
382 581.0
383 582.0
384 583.0
385 583.0
386 586.0
387 587.0
388 589.0
389 592.0
390 595.0
391 595.0
392 597.0
393 597.0
394 599.0
395 601.0
396 602.0
397 604.0
398 608.0
399 610.0
400 612.0
401 614.0
402 616.0
403 617.0
404 618.0
405 618.0
406 620.0
407 621.0
408 622.0
409 623.0
410 625.0
411 626.0
412 628.0
413 630.0
414 632.0
415 632.0
416 632.0
417 632.0
418 633.0
419 637.0
420 638.0
421 641.0
422 641.0
423 645.0
424 646.0
425 647.0
426 648.0
427 650.0
428 651.0
429 652.0
430 652.0
431 655.0
432 656.0
433 656.0
434 658.0
435 659.0
436 660.0
437 660.0
438 661.0
439 662.0
440 662.0
441 663.0
442 663.0
443 666.0
444 668.0
445 671.0
446 673.0
447 674.0
448 676.0
449 676.0
450 677.0
451 678.0
452 678.0
453 680.0
454 680.0
455 682.0
456 684.0
457 685.0
458 686.0
459 689.0
460 691.0
461 692.0
462 694.0
463 694.0
464 697.0
465 698.0
466 700.0
467 701.0
468 701.0
469 703.0
470 703.0
471 705.0
472 706.0
473 709.0
474 711.0
475 711.0
476 712.0
477 715.0
478 716.0
479 716.0
480 719.0
481 721.0
482 722.0
483 722.0
484 725.0
485 726.0
486 726.0
487 728.0
488 728.0
489 730.0
490 732.0
491 734.0
492 734.0
493 737.0
494 740.0
495 742.0
496 743.0
497 743.0
498 744.0
499 747.0
500 748.0
501 749.0
502 751.0
503 753.0
504 754.0
505 754.0
506 755.0
507 758.0
508 762.0
509 767.0
510 768.0
511 769.0
512 769.0
513 769.0
514 770.0
515 772.0
516 773.0
517 773.0
518 775.0
519 775.0
520 775.0
521 775.0
522 776.0
523 776.0
524 779.0
525 781.0
526 782.0
527 785.0
528 786.0
529 789.0
530 789.0
531 789.0
532 792.0
533 792.0
534 793.0
535 794.0
536 798.0
537 799.0
538 799.0
539 802.0
540 802.0
541 802.0
542 804.0
543 804.0
544 804.0
545 805.0
546 805.0
547 809.0
548 810.0
549 812.0
550 813.0
551 814.0
552 816.0
553 818.0
554 819.0
555 822.0
556 823.0
557 825.0
558 828.0
559 828.0
560 830.0
561 831.0
562 835.0
563 836.0
564 837.0
565 837.0
566 839.0
567 841.0
568 842.0
569 844.0
570 847.0
571 849.0
572 850.0
573 852.0
574 853.0
575 857.0
576 859.0
577 861.0
578 863.0
579 863.0
580 866.0
581 867.0
582 871.0
583 872.0
584 874.0
585 878.0
586 879.0
587 879.0
588 882.0
589 884.0
590 887.0
591 888.0
592 888.0
593 889.0
594 891.0
595 894.0
596 895.0
597 896.0
598 898.0
599 900.0
600 901.0
601 902.0
602 903.0
603 909.0
604 910.0
605 911.0
606 914.0
607 918.0
608 920.0
609 920.0
610 920.0
611 920.0
612 923.0
613 926.0
614 928.0
615 930.0
616 932.0
617 936.0
618 939.0
619 943.0
620 944.0
621 946.0
622 946.0
623 946.0
624 948.0
625 948.0
626 949.0
627 950.0
628 951.0
629 954.0
630 956.0
631 957.0
632 957.0
633 959.0
634 960.0
635 961.0
636 964.0
637 965.0
638 967.0
639 968.0
640 968.0
641 968.0
642 970.0
643 971.0
644 973.0
645 973.0
646 978.0
647 978.0
648 978.0
649 979.0
650 980.0
651 982.0
652 984.0
653 987.0
654 990.0
655 991.0
656 992.0
657 992.0
658 993.0
659 994.0
660 994.0
661 994.0
662 996.0
663 997.0
664 997.0
665 998.0
666 998.0
667 1001.0
668 1001.0
669 1001.0
670 1001.0
671 1002.0
672 1004.0
673 1005.0
674 1008.0
675 1009.0
676 1011.0
677 1013.0
678 1016.0
679 1016.0
680 1017.0
681 1018.0
682 1019.0
683 1020.0
684 1021.0
685 1022.0
686 1025.0
687 1027.0
688 1030.0
689 1030.0
690 1031.0
691 1033.0
692 1033.0
693 1036.0
694 1038.0
695 1040.0
696 1040.0
697 1044.0
698 1046.0
699 1046.0
700 1046.0
701 1046.0
702 1047.0
703 1048.0
704 1049.0
705 1052.0
706 1054.0
707 1055.0
708 1055.0
709 1056.0
710 1057.0
711 1059.0
712 1060.0
713 1062.0
714 1064.0
715 1064.0
716 1064.0
717 1066.0
718 1066.0
719 1067.0
720 1069.0
721 1071.0
722 1071.0
723 1072.0
724 1072.0
725 1073.0
726 1075.0
727 1079.0
728 1083.0
729 1085.0
730 1086.0
731 1087.0
732 1088.0
733 1090.0
734 1092.0
735 1094.0
736 1095.0
737 1097.0
738 1099.0
739 1100.0
740 1102.0
741 1102.0
742 1102.0
743 1103.0
744 1106.0
745 1109.0
746 1111.0
747 1112.0
748 1115.0
749 1117.0
750 1118.0
751 1120.0
752 1121.0
753 1122.0
754 1127.0
755 1128.0
756 1131.0
757 1132.0
758 1135.0
759 1137.0
760 1137.0
761 1139.0
762 1139.0
763 1142.0
764 1143.0
765 1145.0
766 1150.0
767 1155.0
768 1159.0
769 1160.0
770 1160.0
771 1163.0
772 1164.0
773 1166.0
774 1168.0
775 1169.0
776 1169.0
777 1170.0
778 1170.0
779 1172.0
780 1175.0
781 1175.0
782 1175.0
783 1175.0
784 1176.0
785 1177.0
786 1178.0
787 1178.0
788 1178.0
789 1180.0
790 1181.0
791 1183.0
792 1185.0
793 1187.0
794 1188.0
795 1191.0
796 1191.0
797 1193.0
798 1196.0
799 1196.0
800 1196.0
801 1197.0
802 1198.0
803 1199.0
804 1200.0
805 1203.0
806 1206.0
807 1207.0
808 1208.0
809 1210.0
810 1210.0
811 1211.0
812 1213.0
813 1215.0
814 1216.0
815 1217.0
816 1217.0
817 1219.0
818 1221.0
819 1222.0
820 1226.0
821 1226.0
822 1231.0
823 1231.0
824 1232.0
825 1238.0
826 1242.0
827 1244.0
828 1245.0
829 1245.0
830 1245.0
831 1246.0
832 1248.0
833 1253.0
834 1255.0
835 1256.0
836 1256.0
837 1256.0
838 1257.0
839 1259.0
840 1259.0
841 1261.0
842 1261.0
843 1262.0
844 1262.0
845 1263.0
846 1265.0
847 1266.0
848 1266.0
849 1268.0
850 1271.0
851 1272.0
852 1274.0
853 1277.0
854 1281.0
855 1282.0
856 1285.0
857 1287.0
858 1289.0
859 1289.0
860 1290.0
861 1291.0
862 1294.0
863 1296.0
864 1298.0
865 1298.0
866 1300.0
867 1302.0
868 1304.0
869 1305.0
870 1306.0
871 1309.0
872 1310.0
873 1312.0
874 1314.0
875 1315.0
876 1321.0
877 1325.0
878 1326.0
879 1326.0
880 1329.0
881 1334.0
882 1336.0
883 1337.0
884 1337.0
885 1339.0
886 1341.0
887 1342.0
888 1346.0
889 1348.0
890 1348.0
891 1349.0
892 1349.0
893 1351.0
894 1351.0
895 1351.0
896 1354.0
897 1354.0
898 1355.0
899 1355.0
900 1358.0
901 1359.0
902 1360.0
903 1361.0
904 1363.0
905 1365.0
906 1365.0
907 1367.0
908 1370.0
909 1373.0
910 1374.0
911 1375.0
912 1376.0
913 1377.0
914 1377.0
915 1378.0
916 1378.0
917 1379.0
918 1379.0
919 1382.0
920 1385.0
921 1388.0
922 1389.0
923 1390.0
924 1392.0
925 1394.0
926 1395.0
927 1397.0
928 1399.0
929 1401.0
930 1402.0
931 1403.0
932 1405.0
933 1408.0
934 1408.0
935 1410.0
936 1411.0
937 1414.0
938 1415.0
939 1415.0
940 1416.0
941 1417.0
942 1419.0
943 1420.0
944 1421.0
945 1423.0
946 1426.0
947 1426.0
948 1426.0
949 1427.0
950 1427.0
951 1429.0
952 1430.0
953 1434.0
954 1435.0
955 1439.0
956 1440.0
957 1442.0
958 1443.0
959 1445.0
960 1445.0
961 1448.0
962 1448.0
963 1450.0
964 1452.0
965 1454.0
966 1456.0
967 1457.0
968 1459.0
969 1462.0
970 1463.0
971 1464.0
972 1467.0
973 1469.0
974 1470.0
975 1471.0
976 1471.0
977 1472.0
978 1476.0
979 1480.0
980 1481.0
981 1481.0
982 1482.0
983 1483.0
984 1484.0
985 1487.0
986 1488.0
987 1493.0
988 1494.0
989 1496.0
990 1499.0
991 1501.0
992 1502.0
993 1503.0
994 1505.0
995 1505.0
996 1506.0
997 1506.0
998 1506.0
999 1508.0
1000 1509.0
