0 0.0
1 0.0
2 0.0
3 0.0
4 1.0
5 1.0
6 1.0
7 1.0
8 1.0
9 1.0
10 1.0
11 1.0
12 1.0
13 1.0
14 1.0
15 1.0
16 1.0
17 1.0
18 1.0
19 1.0
20 1.0
21 1.0
22 1.0
23 1.0
24 1.0
25 1.0
26 1.0
27 2.0
28 2.0
29 2.0
30 3.0
31 3.0
32 3.0
33 3.0
34 3.0
35 3.0
36 3.0
37 4.0
38 4.0
39 4.0
40 5.0
41 5.0
42 5.0
43 5.0
44 5.0
45 5.0
46 5.0
47 5.0
48 5.0
49 5.0
50 5.0
51 5.0
52 5.0
53 5.0
54 5.0
55 5.0
56 5.0
57 5.0
58 6.0
59 6.0
60 6.0
61 6.0
62 6.0
63 6.0
64 6.0
65 6.0
66 6.0
67 6.0
68 6.0
69 6.0
70 6.0
71 6.0
72 6.0
73 6.0
74 6.0
75 6.0
76 6.0
77 6.0
78 6.0
79 6.0
80 6.0
81 6.0
82 6.0
83 7.0
84 7.0
85 7.0
86 7.0
87 8.0
88 8.0
89 8.0
90 8.0
91 8.0
92 8.0
93 8.0
94 8.0
95 9.0
96 10.0
97 10.0
98 10.0
99 10.0
100 10.0
101 11.0
102 11.0
103 11.0
104 11.0
105 11.0
106 11.0
107 11.0
108 11.0
109 11.0
110 11.0
111 11.0
112 11.0
113 11.0
114 11.0
115 11.0
116 11.0
117 12.0
118 12.0
119 12.0
120 12.0
121 12.0
122 12.0
123 12.0
124 12.0
125 12.0
126 12.0
127 13.0
128 13.0
129 13.0
130 13.0
131 13.0
132 13.0
133 13.0
134 13.0
135 13.0
136 13.0
137 14.0
138 14.0
139 14.0
140 15.0
141 15.0
142 15.0
143 15.0
144 15.0
145 15.0
146 15.0
147 15.0
148 15.0
149 15.0
150 16.0
151 16.0
152 16.0
153 17.0
154 17.0
155 17.0
156 17.0
157 17.0
158 17.0
159 17.0
160 17.0
161 17.0
162 17.0
163 17.0
164 17.0
165 17.0
166 17.0
167 17.0
168 18.0
169 18.0
170 18.0
171 18.0
172 18.0
173 18.0
174 18.0
175 18.0
176 18.0
177 18.0
178 18.0
179 18.0
180 18.0
181 18.0
182 18.0
183 18.0
184 18.0
185 18.0
186 18.0
187 18.0
188 18.0
189 18.0
190 18.0
191 19.0
192 19.0
193 20.0
194 20.0
195 20.0
196 20.0
197 20.0
198 20.0
199 20.0
200 21.0
201 21.0
202 21.0
203 21.0
204 21.0
205 21.0
206 21.0
207 21.0
208 21.0
209 21.0
210 21.0
211 21.0
212 21.0
213 21.0
214 21.0
215 21.0
216 21.0
217 21.0
218 21.0
219 21.0
220 21.0
221 21.0
222 21.0
223 21.0
224 21.0
225 21.0
226 21.0
227 21.0
228 21.0
229 21.0
230 21.0
231 21.0
232 21.0
233 21.0
234 21.0
235 21.0
236 21.0
237 21.0
238 21.0
239 22.0
240 22.0
241 22.0
242 22.0
243 22.0
244 22.0
245 22.0
246 22.0
247 22.0
248 22.0
249 22.0
250 22.0
251 22.0
252 23.0
253 23.0
254 23.0
255 23.0
256 23.0
257 23.0
258 23.0
259 23.0
260 23.0
261 23.0
262 23.0
263 23.0
264 23.0
265 23.0
266 24.0
267 24.0
268 24.0
269 24.0
270 24.0
271 24.0
272 24.0
273 24.0
274 24.0
275 24.0
276 24.0
277 24.0
278 24.0
279 24.0
280 24.0
281 24.0
282 24.0
283 24.0
284 24.0
285 24.0
286 24.0
287 24.0
288 24.0
289 24.0
290 24.0
291 24.0
292 24.0
293 24.0
294 24.0
295 25.0
296 25.0
297 25.0
298 25.0
299 25.0
300 25.0
301 25.0
302 25.0
303 25.0
304 25.0
305 25.0
306 25.0
307 25.0
308 25.0
309 25.0
310 25.0
311 25.0
312 25.0
313 25.0
314 26.0
315 26.0
316 26.0
317 26.0
318 26.0
319 26.0
320 26.0
321 26.0
322 26.0
323 26.0
324 26.0
325 26.0
326 26.0
327 26.0
328 26.0
329 26.0
330 26.0
331 26.0
332 26.0
333 27.0
334 27.0
335 27.0
336 27.0
337 27.0
338 27.0
339 27.0
340 28.0
341 28.0
342 28.0
343 28.0
344 28.0
345 28.0
346 28.0
347 28.0
348 28.0
349 28.0
350 28.0
351 28.0
352 28.0
353 28.0
354 28.0
355 28.0
356 29.0
357 29.0
358 29.0
359 29.0
360 29.0
361 29.0
362 29.0
363 29.0
364 29.0
365 29.0
366 29.0
367 29.0
368 29.0
369 29.0
370 29.0
371 29.0
372 29.0
373 29.0
374 29.0
375 29.0
376 29.0
377 29.0
378 30.0
379 30.0
380 30.0
381 30.0
382 30.0
383 30.0
384 30.0
385 30.0
386 30.0
387 30.0
388 30.0
389 30.0
390 30.0
391 30.0
392 30.0
393 30.0
394 30.0
395 30.0
396 30.0
397 30.0
398 30.0
399 30.0
400 30.0
401 30.0
402 30.0
403 30.0
404 30.0
405 30.0
406 30.0
407 30.0
408 31.0
409 31.0
410 31.0
411 31.0
412 32.0
413 32.0
414 32.0
415 32.0
416 32.0
417 32.0
418 32.0
419 32.0
420 32.0
421 32.0
422 32.0
423 32.0
424 32.0
425 32.0
426 33.0
427 33.0
428 33.0
429 33.0
430 33.0
431 33.0
432 33.0
433 33.0
434 33.0
435 33.0
436 33.0
437 33.0
438 33.0
439 33.0
440 33.0
441 33.0
442 33.0
443 33.0
444 33.0
445 33.0
446 33.0
447 33.0
448 34.0
449 35.0
450 35.0
451 35.0
452 35.0
453 35.0
454 35.0
455 37.0
456 37.0
457 37.0
458 37.0
459 37.0
460 37.0
461 37.0
462 37.0
463 37.0
464 37.0
465 37.0
466 37.0
467 37.0
468 37.0
469 37.0
470 37.0
471 37.0
472 37.0
473 37.0
474 37.0
475 37.0
476 38.0
477 39.0
478 39.0
479 39.0
480 39.0
481 39.0
482 39.0
483 39.0
484 39.0
485 39.0
486 39.0
487 39.0
488 40.0
489 40.0
490 40.0
491 41.0
492 41.0
493 41.0
494 41.0
495 41.0
496 41.0
497 41.0
498 41.0
499 41.0
500 41.0
501 41.0
502 41.0
503 41.0
504 41.0
505 41.0
506 41.0
507 41.0
508 41.0
509 41.0
510 41.0
511 41.0
512 41.0
513 41.0
514 41.0
515 41.0
516 41.0
517 41.0
518 41.0
519 41.0
520 41.0
521 41.0
522 41.0
523 41.0
524 41.0
525 41.0
526 41.0
527 41.0
528 41.0
529 41.0
530 42.0
531 42.0
532 42.0
533 42.0
534 42.0
535 42.0
536 42.0
537 42.0
538 42.0
539 42.0
540 42.0
541 42.0
542 42.0
543 42.0
544 42.0
545 42.0
546 42.0
547 42.0
548 42.0
549 42.0
550 42.0
551 42.0
552 42.0
553 42.0
554 42.0
555 42.0
556 42.0
557 42.0
558 43.0
559 43.0
560 43.0
561 43.0
562 43.0
563 43.0
564 43.0
565 43.0
566 43.0
567 43.0
568 43.0
569 44.0
570 44.0
571 44.0
572 45.0
573 46.0
574 46.0
575 46.0
576 47.0
577 47.0
578 47.0
579 47.0
580 47.0
581 47.0
582 47.0
583 47.0
584 47.0
585 47.0
586 47.0
587 48.0
588 48.0
589 48.0
590 48.0
591 48.0
592 48.0
593 48.0
594 48.0
595 48.0
596 48.0
597 48.0
598 48.0
599 48.0
600 48.0
601 48.0
602 48.0
603 48.0
604 49.0
605 49.0
606 49.0
607 49.0
608 49.0
609 50.0
610 50.0
611 50.0
612 50.0
613 50.0
614 50.0
615 50.0
616 50.0
617 50.0
618 50.0
619 50.0
620 50.0
621 50.0
622 50.0
623 50.0
624 51.0
625 51.0
626 51.0
627 51.0
628 51.0
629 51.0
630 51.0
631 52.0
632 52.0
633 52.0
634 52.0
635 52.0
636 52.0
637 52.0
638 52.0
639 52.0
640 52.0
641 52.0
642 52.0
643 52.0
644 52.0
645 52.0
646 52.0
647 52.0
648 52.0
649 52.0
650 52.0
651 52.0
652 52.0
653 52.0
654 53.0
655 53.0
656 54.0
657 54.0
658 54.0
659 54.0
660 54.0
661 54.0
662 54.0
663 54.0
664 54.0
665 55.0
666 55.0
667 55.0
668 55.0
669 55.0
670 55.0
671 55.0
672 55.0
673 55.0
674 55.0
675 55.0
676 55.0
677 55.0
678 55.0
679 55.0
680 56.0
681 57.0
682 57.0
683 57.0
684 57.0
685 57.0
686 57.0
687 57.0
688 57.0
689 57.0
690 57.0
691 57.0
692 57.0
693 57.0
694 57.0
695 57.0
696 58.0
697 58.0
698 58.0
699 58.0
700 58.0
701 58.0
702 58.0
703 58.0
704 59.0
705 59.0
706 60.0
707 60.0
708 60.0
709 60.0
710 60.0
711 60.0
712 60.0
713 60.0
714 60.0
715 60.0
716 61.0
717 61.0
718 61.0
719 61.0
720 62.0
721 62.0
722 62.0
723 62.0
724 62.0
725 62.0
726 62.0
727 62.0
728 62.0
729 62.0
730 62.0
731 62.0
732 62.0
733 62.0
734 62.0
735 62.0
736 62.0
737 62.0
738 62.0
739 62.0
740 62.0
741 62.0
742 62.0
743 62.0
744 62.0
745 62.0
746 62.0
747 62.0
748 62.0
749 63.0
750 63.0
751 63.0
752 63.0
753 63.0
754 63.0
755 63.0
756 63.0
757 63.0
758 64.0
759 64.0
760 64.0
761 64.0
762 64.0
763 64.0
764 64.0
765 64.0
766 64.0
767 65.0
768 65.0
769 65.0
770 65.0
771 65.0
772 65.0
773 65.0
774 65.0
775 65.0
776 65.0
777 65.0
778 65.0
779 65.0
780 65.0
781 65.0
782 65.0
783 66.0
784 66.0
785 66.0
786 66.0
787 66.0
788 66.0
789 66.0
790 66.0
791 66.0
792 67.0
793 67.0
794 67.0
795 67.0
796 67.0
797 67.0
798 68.0
799 68.0
800 68.0
801 68.0
802 69.0
803 69.0
804 69.0
805 69.0
806 69.0
807 69.0
808 69.0
809 69.0
810 69.0
811 69.0
812 69.0
813 69.0
814 69.0
815 69.0
816 69.0
817 69.0
818 69.0
819 69.0
820 69.0
821 69.0
822 69.0
823 69.0
824 69.0
825 69.0
826 69.0
827 69.0
828 69.0
829 69.0
830 69.0
831 69.0
832 69.0
833 70.0
834 70.0
835 70.0
836 70.0
837 70.0
838 70.0
839 70.0
840 70.0
841 70.0
842 70.0
843 70.0
844 70.0
845 70.0
846 70.0
847 70.0
848 70.0
849 70.0
850 70.0
851 70.0
852 70.0
853 70.0
854 70.0
855 70.0
856 70.0
857 70.0
858 70.0
859 70.0
860 70.0
861 70.0
862 70.0
863 70.0
864 70.0
865 70.0
866 70.0
867 71.0
868 71.0
869 71.0
870 71.0
871 71.0
872 71.0
873 71.0
874 71.0
875 71.0
876 73.0
877 73.0
878 73.0
879 73.0
880 73.0
881 73.0
882 73.0
883 73.0
884 73.0
885 73.0
886 73.0
887 73.0
888 73.0
889 73.0
890 73.0
891 73.0
892 73.0
893 73.0
894 73.0
895 73.0
896 74.0
897 74.0
898 74.0
899 74.0
900 74.0
901 74.0
902 74.0
903 74.0
904 74.0
905 74.0
906 74.0
907 74.0
908 74.0
909 74.0
910 74.0
911 74.0
912 74.0
913 74.0
914 74.0
915 74.0
916 74.0
917 74.0
918 75.0
919 76.0
920 77.0
921 77.0
922 77.0
923 77.0
924 77.0
925 77.0
926 77.0
927 77.0
928 77.0
929 77.0
930 77.0
931 77.0
932 77.0
933 77.0
934 77.0
935 77.0
936 77.0
937 77.0
938 77.0
939 77.0
940 77.0
941 77.0
942 77.0
943 77.0
944 77.0
945 77.0
946 77.0
947 77.0
948 77.0
949 77.0
950 78.0
951 79.0
952 79.0
953 79.0
954 79.0
955 79.0
956 79.0
957 79.0
958 79.0
959 79.0
960 79.0
961 79.0
962 79.0
963 80.0
964 80.0
965 80.0
966 81.0
967 81.0
968 81.0
969 81.0
970 81.0
971 81.0
972 81.0
973 81.0
974 81.0
975 81.0
976 81.0
977 81.0
978 81.0
979 81.0
980 81.0
981 81.0
982 81.0
983 81.0
984 81.0
985 81.0
986 81.0
987 81.0
988 81.0
989 81.0
990 82.0
991 82.0
992 82.0
993 82.0
994 82.0
995 82.0
996 82.0
997 82.0
998 82.0
999 82.0
1000 82.0
