0 0.0
1 0.0
2 0.0
3 0.0
4 1.0
5 1.0
6 1.0
7 1.0
8 3.0
9 3.0
10 3.0
11 3.0
12 3.0
13 4.0
14 6.0
15 6.0
16 6.0
17 6.0
18 8.0
19 9.0
20 9.0
21 10.0
22 11.0
23 11.0
24 11.0
25 12.0
26 12.0
27 12.0
28 12.0
29 14.0
30 15.0
31 15.0
32 15.0
33 15.0
34 16.0
35 17.0
36 17.0
37 17.0
38 18.0
39 20.0
40 21.0
41 23.0
42 23.0
43 24.0
44 24.0
45 25.0
46 26.0
47 27.0
48 27.0
49 28.0
50 29.0
51 29.0
52 29.0
53 29.0
54 30.0
55 31.0
56 31.0
57 31.0
58 32.0
59 34.0
60 34.0
61 34.0
62 34.0
63 34.0
64 34.0
65 34.0
66 34.0
67 34.0
68 34.0
69 34.0
70 34.0
71 34.0
72 34.0
73 36.0
74 36.0
75 36.0
76 36.0
77 36.0
78 37.0
79 38.0
80 39.0
81 39.0
82 41.0
83 41.0
84 42.0
85 44.0
86 44.0
87 44.0
88 44.0
89 45.0
90 45.0
91 47.0
92 47.0
93 48.0
94 48.0
95 49.0
96 51.0
97 51.0
98 51.0
99 53.0
100 53.0
101 53.0
102 55.0
103 55.0
104 55.0
105 55.0
106 55.0
107 55.0
108 56.0
109 56.0
110 56.0
111 57.0
112 57.0
113 59.0
114 60.0
115 60.0
116 61.0
117 61.0
118 61.0
119 61.0
120 63.0
121 63.0
122 64.0
123 64.0
124 64.0
125 65.0
126 67.0
127 68.0
128 68.0
129 68.0
130 69.0
131 72.0
132 73.0
133 73.0
134 73.0
135 73.0
136 74.0
137 75.0
138 75.0
139 75.0
140 75.0
141 75.0
142 76.0
143 76.0
144 76.0
145 76.0
146 76.0
147 77.0
148 78.0
149 78.0
150 79.0
151 79.0
152 79.0
153 79.0
154 80.0
155 81.0
156 81.0
157 82.0
158 83.0
159 83.0
160 83.0
161 83.0
162 85.0
163 85.0
164 85.0
165 87.0
166 87.0
167 88.0
168 88.0
169 90.0
170 91.0
171 91.0
172 91.0
173 92.0
174 93.0
175 94.0
176 94.0
177 94.0
178 94.0
179 94.0
180 95.0
181 95.0
182 95.0
183 95.0
184 95.0
185 96.0
186 96.0
187 97.0
188 97.0
189 97.0
190 100.0
191 101.0
192 101.0
193 101.0
194 101.0
195 101.0
196 101.0
197 101.0
198 102.0
199 104.0
200 104.0
201 106.0
202 106.0
203 107.0
204 107.0
205 108.0
206 109.0
207 111.0
208 112.0
209 112.0
210 112.0
211 112.0
212 112.0
213 112.0
214 113.0
215 113.0
216 113.0
217 115.0
218 116.0
219 117.0
220 119.0
221 119.0
222 119.0
223 120.0
224 121.0
225 121.0
226 121.0
227 121.0
228 121.0
229 122.0
230 124.0
231 124.0
232 126.0
233 126.0
234 126.0
235 126.0
236 129.0
237 131.0
238 131.0
239 132.0
240 133.0
241 133.0
242 133.0
243 133.0
244 133.0
245 133.0
246 133.0
247 134.0
248 134.0
249 135.0
250 136.0
251 137.0
252 138.0
253 139.0
254 139.0
255 139.0
256 141.0
257 141.0
258 143.0
259 143.0
260 143.0
261 144.0
262 147.0
263 147.0
264 149.0
265 150.0
266 151.0
267 151.0
268 152.0
269 152.0
270 152.0
271 152.0
272 153.0
273 153.0
274 154.0
275 155.0
276 155.0
277 158.0
278 159.0
279 159.0
280 159.0
281 160.0
282 161.0
283 162.0
284 163.0
285 163.0
286 163.0
287 163.0
288 163.0
289 163.0
290 164.0
291 164.0
292 165.0
293 166.0
294 166.0
295 166.0
296 166.0
297 166.0
298 166.0
299 166.0
300 167.0
301 167.0
302 167.0
303 167.0
304 167.0
305 168.0
306 168.0
307 169.0
308 170.0
309 170.0
310 172.0
311 172.0
312 173.0
313 173.0
314 173.0
315 174.0
316 175.0
317 175.0
318 175.0
319 175.0
320 175.0
321 175.0
322 177.0
323 179.0
324 179.0
325 179.0
326 179.0
327 179.0
328 179.0
329 179.0
330 179.0
331 179.0
332 182.0
333 182.0
334 182.0
335 182.0
336 182.0
337 182.0
338 184.0
339 185.0
340 185.0
341 185.0
342 187.0
343 187.0
344 187.0
345 187.0
346 187.0
347 188.0
348 188.0
349 189.0
350 189.0
351 189.0
352 190.0
353 190.0
354 190.0
355 190.0
356 190.0
357 190.0
358 192.0
359 192.0
360 193.0
361 193.0
362 194.0
363 196.0
364 196.0
365 196.0
366 198.0
367 198.0
368 198.0
369 200.0
370 201.0
371 202.0
372 204.0
373 204.0
374 207.0
375 209.0
376 209.0
377 211.0
378 211.0
379 211.0
380 211.0
381 212.0
382 212.0
383 212.0
384 213.0
385 213.0
386 215.0
387 215.0
388 215.0
389 215.0
390 216.0
391 216.0
392 216.0
393 216.0
394 217.0
395 218.0
396 218.0
397 218.0
398 219.0
399 219.0
400 221.0
401 221.0
402 222.0
403 224.0
404 224.0
405 225.0
406 225.0
407 228.0
408 228.0
409 229.0
410 230.0
411 230.0
412 230.0
413 231.0
414 233.0
415 233.0
416 233.0
417 233.0
418 234.0
419 234.0
420 235.0
421 235.0
422 235.0
423 236.0
424 236.0
425 237.0
426 238.0
427 239.0
428 239.0
429 240.0
430 241.0
431 245.0
432 246.0
433 247.0
434 248.0
435 248.0
436 248.0
437 248.0
438 248.0
439 248.0
440 248.0
441 248.0
442 250.0
443 250.0
444 250.0
445 251.0
446 252.0
447 252.0
448 253.0
449 254.0
450 255.0
451 255.0
452 255.0
453 255.0
454 255.0
455 255.0
456 255.0
457 255.0
458 255.0
459 255.0
460 256.0
461 258.0
462 258.0
463 258.0
464 258.0
465 258.0
466 258.0
467 258.0
468 259.0
469 261.0
470 262.0
471 262.0
472 262.0
473 263.0
474 265.0
475 265.0
476 266.0
477 267.0
478 267.0
479 267.0
480 267.0
481 268.0
482 268.0
483 268.0
484 268.0
485 269.0
486 271.0
487 271.0
488 273.0
489 274.0
490 274.0
491 276.0
492 277.0
493 277.0
494 277.0
495 278.0
496 278.0
497 280.0
498 280.0
499 280.0
500 280.0
501 280.0
502 281.0
503 281.0
504 281.0
505 282.0
506 283.0
507 284.0
508 284.0
509 286.0
510 287.0
511 287.0
512 287.0
513 287.0
514 288.0
515 288.0
516 289.0
517 290.0
518 290.0
519 291.0
520 292.0
521 293.0
522 298.0
523 299.0
524 300.0
525 301.0
526 301.0
527 302.0
528 302.0
529 302.0
530 303.0
531 303.0
532 304.0
533 306.0
534 307.0
535 307.0
536 307.0
537 308.0
538 309.0
539 310.0
540 310.0
541 310.0
542 310.0
543 310.0
544 310.0
545 311.0
546 311.0
547 312.0
548 312.0
549 312.0
550 313.0
551 314.0
552 315.0
553 315.0
554 316.0
555 316.0
556 316.0
557 317.0
558 317.0
559 319.0
560 319.0
561 320.0
562 320.0
563 321.0
564 321.0
565 321.0
566 322.0
567 322.0
568 322.0
569 322.0
570 322.0
571 322.0
572 323.0
573 324.0
574 324.0
575 324.0
576 324.0
577 324.0
578 324.0
579 324.0
580 324.0
581 326.0
582 326.0
583 327.0
584 327.0
585 327.0
586 328.0
587 329.0
588 329.0
589 330.0
590 330.0
591 330.0
592 331.0
593 331.0
594 331.0
595 332.0
596 332.0
597 332.0
598 332.0
599 332.0
600 333.0
601 334.0
602 334.0
603 334.0
604 334.0
605 334.0
606 334.0
607 334.0
608 336.0
609 336.0
610 336.0
611 336.0
612 337.0
613 338.0
614 338.0
615 338.0
616 338.0
617 338.0
618 338.0
619 338.0
620 338.0
621 339.0
622 339.0
623 340.0
624 340.0
625 340.0
626 340.0
627 340.0
628 341.0
629 341.0
630 342.0
631 343.0
632 343.0
633 343.0
634 343.0
635 345.0
636 345.0
637 345.0
638 345.0
639 345.0
640 346.0
641 346.0
642 347.0
643 347.0
644 348.0
645 348.0
646 349.0
647 350.0
648 350.0
649 350.0
650 351.0
651 351.0
652 351.0
653 352.0
654 353.0
655 353.0
656 354.0
657 354.0
658 354.0
659 354.0
660 355.0
661 356.0
662 357.0
663 358.0
664 360.0
665 360.0
666 361.0
667 363.0
668 363.0
669 364.0
670 364.0
671 364.0
672 367.0
673 367.0
674 368.0
675 368.0
676 369.0
677 369.0
678 371.0
679 372.0
680 372.0
681 372.0
682 372.0
683 372.0
684 372.0
685 372.0
686 372.0
687 372.0
688 372.0
689 372.0
690 372.0
691 372.0
692 373.0
693 376.0
694 379.0
695 379.0
696 379.0
697 379.0
698 379.0
699 379.0
700 379.0
701 379.0
702 380.0
703 380.0
704 380.0
705 380.0
706 380.0
707 380.0
708 380.0
709 381.0
710 382.0
711 382.0
712 382.0
713 382.0
714 382.0
715 382.0
716 382.0
717 382.0
718 383.0
719 383.0
720 384.0
721 384.0
722 384.0
723 385.0
724 385.0
725 387.0
726 388.0
727 388.0
728 388.0
729 390.0
730 391.0
731 392.0
732 392.0
733 392.0
734 393.0
735 393.0
736 394.0
737 394.0
738 394.0
739 396.0
740 397.0
741 397.0
742 397.0
743 398.0
744 399.0
745 399.0
746 399.0
747 400.0
748 400.0
749 401.0
750 401.0
751 402.0
752 402.0
753 403.0
754 403.0
755 403.0
756 403.0
757 404.0
758 404.0
759 404.0
760 405.0
761 405.0
762 405.0
763 405.0
764 406.0
765 408.0
766 408.0
767 408.0
768 408.0
769 408.0
770 409.0
771 409.0
772 410.0
773 410.0
774 410.0
775 410.0
776 410.0
777 411.0
778 411.0
779 411.0
780 411.0
781 411.0
782 411.0
783 412.0
784 412.0
785 413.0
786 413.0
787 414.0
788 414.0
789 415.0
790 415.0
791 415.0
792 415.0
793 416.0
794 416.0
795 416.0
796 416.0
797 416.0
798 416.0
799 419.0
800 421.0
801 422.0
802 422.0
803 423.0
804 423.0
805 424.0
806 425.0
807 426.0
808 426.0
809 427.0
810 428.0
811 428.0
812 428.0
813 428.0
814 428.0
815 430.0
816 431.0
817 431.0
818 431.0
819 431.0
820 431.0
821 431.0
822 431.0
823 431.0
824 431.0
825 432.0
826 433.0
827 434.0
828 435.0
829 436.0
830 437.0
831 438.0
832 441.0
833 442.0
834 442.0
835 442.0
836 443.0
837 443.0
838 444.0
839 444.0
840 445.0
841 446.0
842 446.0
843 446.0
844 447.0
845 448.0
846 448.0
847 448.0
848 448.0
849 448.0
850 449.0
851 449.0
852 449.0
853 450.0
854 450.0
855 450.0
856 450.0
857 450.0
858 451.0
859 451.0
860 452.0
861 453.0
862 453.0
863 453.0
864 453.0
865 455.0
866 455.0
867 456.0
868 456.0
869 458.0
870 458.0
871 459.0
872 461.0
873 463.0
874 463.0
875 465.0
876 465.0
877 466.0
878 466.0
879 467.0
880 467.0
881 467.0
882 468.0
883 469.0
884 470.0
885 470.0
886 473.0
887 474.0
888 475.0
889 475.0
890 475.0
891 475.0
892 475.0
893 476.0
894 477.0
895 478.0
896 478.0
897 479.0
898 481.0
899 481.0
900 482.0
901 484.0
902 484.0
903 486.0
904 487.0
905 487.0
906 487.0
907 487.0
908 487.0
909 487.0
910 488.0
911 488.0
912 490.0
913 490.0
914 490.0
915 490.0
916 490.0
917 490.0
918 490.0
919 490.0
920 490.0
921 490.0
922 491.0
923 492.0
924 493.0
925 493.0
926 494.0
927 494.0
928 494.0
929 495.0
930 495.0
931 495.0
932 495.0
933 495.0
934 495.0
935 495.0
936 496.0
937 496.0
938 496.0
939 498.0
940 498.0
941 500.0
942 500.0
943 500.0
944 500.0
945 500.0
946 501.0
947 502.0
948 503.0
949 503.0
950 503.0
951 503.0
952 503.0
953 504.0
954 504.0
955 504.0
956 505.0
957 506.0
958 506.0
959 507.0
960 508.0
961 510.0
962 510.0
963 512.0
964 512.0
965 512.0
966 512.0
967 514.0
968 514.0
969 515.0
970 515.0
971 515.0
972 515.0
973 516.0
974 516.0
975 517.0
976 517.0
977 518.0
978 518.0
979 518.0
980 519.0
981 520.0
982 520.0
983 520.0
984 521.0
985 521.0
986 521.0
987 523.0
988 524.0
989 524.0
990 524.0
991 525.0
992 526.0
993 526.0
994 528.0
995 529.0
996 529.0
997 529.0
998 529.0
999 529.0
1000 529.0
