0 0.0
1 1.0
2 2.0
3 4.0
4 4.0
5 7.0
6 8.0
7 8.0
8 9.0
9 11.0
10 12.0
11 12.0
12 12.0
13 14.0
14 15.0
15 15.0
16 16.0
17 16.0
18 18.0
19 18.0
20 20.0
21 20.0
22 20.0
23 20.0
24 23.0
25 23.0
26 24.0
27 25.0
28 25.0
29 26.0
30 29.0
31 31.0
32 34.0
33 34.0
34 36.0
35 36.0
36 37.0
37 39.0
38 39.0
39 39.0
40 40.0
41 41.0
42 42.0
43 42.0
44 43.0
45 43.0
46 43.0
47 43.0
48 46.0
49 47.0
50 48.0
51 48.0
52 51.0
53 54.0
54 54.0
55 55.0
56 55.0
57 55.0
58 55.0
59 55.0
60 55.0
61 56.0
62 56.0
63 56.0
64 56.0
65 58.0
66 58.0
67 59.0
68 59.0
69 60.0
70 60.0
71 61.0
72 64.0
73 64.0
74 65.0
75 66.0
76 66.0
77 66.0
78 67.0
79 67.0
80 69.0
81 70.0
82 71.0
83 73.0
84 73.0
85 74.0
86 74.0
87 75.0
88 77.0
89 79.0
90 81.0
91 81.0
92 85.0
93 85.0
94 87.0
95 87.0
96 87.0
97 89.0
98 90.0
99 92.0
100 94.0
101 95.0
102 97.0
103 98.0
104 99.0
105 99.0
106 100.0
107 102.0
108 103.0
109 103.0
110 103.0
111 104.0
112 107.0
113 107.0
114 107.0
115 107.0
116 108.0
117 109.0
118 109.0
119 111.0
120 112.0
121 112.0
122 112.0
123 113.0
124 116.0
125 116.0
126 116.0
127 116.0
128 116.0
129 117.0
130 119.0
131 119.0
132 120.0
133 121.0
134 122.0
135 123.0
136 123.0
137 126.0
138 126.0
139 128.0
140 129.0
141 129.0
142 129.0
143 130.0
144 131.0
145 131.0
146 133.0
147 134.0
148 136.0
149 137.0
150 139.0
151 142.0
152 143.0
153 144.0
154 147.0
155 147.0
156 147.0
157 147.0
158 149.0
159 150.0
160 150.0
161 151.0
162 152.0
163 152.0
164 153.0
165 154.0
166 154.0
167 157.0
168 159.0
169 159.0
170 162.0
171 163.0
172 163.0
173 164.0
174 165.0
175 166.0
176 167.0
177 168.0
178 169.0
179 172.0
180 173.0
181 176.0
182 176.0
183 176.0
184 176.0
185 177.0
186 177.0
187 178.0
188 179.0
189 182.0
190 183.0
191 183.0
192 186.0
193 187.0
194 188.0
195 189.0
196 191.0
197 191.0
198 191.0
199 191.0
200 193.0
201 195.0
202 196.0
203 196.0
204 196.0
205 198.0
206 199.0
207 200.0
208 201.0
209 201.0
210 204.0
211 205.0
212 207.0
213 208.0
214 210.0
215 210.0
216 211.0
217 211.0
218 213.0
219 213.0
220 214.0
221 215.0
222 217.0
223 218.0
224 219.0
225 219.0
226 220.0
227 221.0
228 222.0
229 223.0
230 225.0
231 225.0
232 225.0
233 227.0
234 228.0
235 229.0
236 232.0
237 232.0
238 233.0
239 233.0
240 234.0
241 236.0
242 237.0
243 237.0
244 237.0
245 237.0
246 237.0
247 238.0
248 241.0
249 242.0
250 244.0
251 246.0
252 246.0
253 247.0
254 249.0
255 251.0
256 252.0
257 253.0
258 254.0
259 257.0
260 257.0
261 259.0
262 259.0
263 260.0
264 262.0
265 262.0
266 262.0
267 263.0
268 263.0
269 263.0
270 266.0
271 266.0
272 268.0
273 269.0
274 271.0
275 271.0
276 272.0
277 272.0
278 273.0
279 273.0
280 273.0
281 276.0
282 276.0
283 276.0
284 277.0
285 277.0
286 278.0
287 279.0
288 280.0
289 282.0
290 282.0
291 283.0
292 285.0
293 287.0
294 288.0
295 291.0
296 292.0
297 295.0
298 295.0
299 295.0
300 296.0
301 298.0
302 298.0
303 299.0
304 301.0
305 302.0
306 303.0
307 304.0
308 305.0
309 307.0
310 307.0
311 307.0
312 308.0
313 308.0
314 309.0
315 313.0
316 314.0
317 314.0
318 314.0
319 315.0
320 319.0
321 319.0
322 320.0
323 320.0
324 322.0
325 322.0
326 323.0
327 323.0
328 326.0
329 328.0
330 328.0
331 329.0
332 329.0
333 331.0
334 331.0
335 332.0
336 333.0
337 335.0
338 336.0
339 336.0
340 339.0
341 339.0
342 339.0
343 341.0
344 342.0
345 343.0
346 343.0
347 345.0
348 348.0
349 349.0
350 350.0
351 352.0
352 352.0
353 352.0
354 352.0
355 353.0
356 354.0
357 354.0
358 354.0
359 355.0
360 355.0
361 360.0
362 360.0
363 361.0
364 361.0
365 362.0
366 362.0
367 364.0
368 365.0
369 366.0
370 366.0
371 366.0
372 369.0
373 370.0
374 370.0
375 372.0
376 372.0
377 374.0
378 374.0
379 374.0
380 377.0
381 378.0
382 378.0
383 379.0
384 379.0
385 380.0
386 381.0
387 381.0
388 383.0
389 383.0
390 383.0
391 384.0
392 385.0
393 386.0
394 386.0
395 386.0
396 386.0
397 386.0
398 387.0
399 388.0
400 388.0
401 389.0
402 390.0
403 393.0
404 393.0
405 393.0
406 393.0
407 393.0
408 395.0
409 395.0
410 395.0
411 396.0
412 397.0
413 398.0
414 399.0
415 400.0
416 401.0
417 401.0
418 402.0
419 404.0
420 405.0
421 406.0
422 407.0
423 408.0
424 409.0
425 409.0
426 409.0
427 412.0
428 415.0
429 415.0
430 415.0
431 416.0
432 417.0
433 418.0
434 419.0
435 421.0
436 421.0
437 421.0
438 421.0
439 422.0
440 424.0
441 424.0
442 424.0
443 424.0
444 429.0
445 431.0
446 432.0
447 433.0
448 434.0
449 434.0
450 436.0
451 436.0
452 437.0
453 437.0
454 437.0
455 437.0
456 437.0
457 437.0
458 438.0
459 438.0
460 438.0
461 441.0
462 442.0
463 442.0
464 443.0
465 445.0
466 446.0
467 447.0
468 447.0
469 448.0
470 448.0
471 449.0
472 451.0
473 451.0
474 452.0
475 454.0
476 456.0
477 457.0
478 457.0
479 457.0
480 459.0
481 465.0
482 465.0
483 465.0
484 469.0
485 469.0
486 470.0
487 470.0
488 470.0
489 470.0
490 471.0
491 471.0
492 474.0
493 476.0
494 476.0
495 479.0
496 479.0
497 479.0
498 480.0
499 481.0
500 483.0
501 484.0
502 484.0
503 485.0
504 487.0
505 488.0
506 489.0
507 490.0
508 490.0
509 490.0
510 494.0
511 495.0
512 497.0
513 499.0
514 501.0
515 502.0
516 505.0
517 505.0
518 505.0
519 505.0
520 505.0
521 506.0
522 507.0
523 508.0
524 508.0
525 510.0
526 513.0
527 514.0
528 514.0
529 514.0
530 517.0
531 519.0
532 520.0
533 522.0
534 522.0
535 523.0
536 523.0
537 524.0
538 526.0
539 527.0
540 529.0
541 529.0
542 532.0
543 536.0
544 536.0
545 538.0
546 540.0
547 540.0
548 540.0
549 540.0
550 541.0
551 541.0
552 541.0
553 541.0
554 541.0
555 541.0
556 544.0
557 546.0
558 547.0
559 547.0
560 547.0
561 547.0
562 548.0
563 548.0
564 550.0
565 550.0
566 550.0
567 550.0
568 550.0
569 551.0
570 552.0
571 552.0
572 552.0
573 553.0
574 555.0
575 557.0
576 557.0
577 558.0
578 560.0
579 561.0
580 561.0
581 562.0
582 563.0
583 564.0
584 564.0
585 566.0
586 567.0
587 567.0
588 569.0
589 570.0
590 570.0
591 574.0
592 574.0
593 576.0
594 577.0
595 578.0
596 579.0
597 579.0
598 582.0
599 582.0
600 583.0
601 583.0
602 585.0
603 588.0
604 588.0
605 588.0
606 589.0
607 591.0
608 591.0
609 592.0
610 593.0
611 593.0
612 594.0
613 596.0
614 596.0
615 598.0
616 598.0
617 598.0
618 599.0
619 599.0
620 603.0
621 603.0
622 605.0
623 606.0
624 609.0
625 609.0
626 610.0
627 612.0
628 613.0
629 614.0
630 615.0
631 615.0
632 616.0
633 617.0
634 618.0
635 618.0
636 619.0
637 622.0
638 624.0
639 626.0
640 627.0
641 631.0
642 633.0
643 634.0
644 634.0
645 635.0
646 636.0
647 636.0
648 637.0
649 637.0
650 637.0
651 637.0
652 639.0
653 641.0
654 641.0
655 641.0
656 643.0
657 645.0
658 648.0
659 648.0
660 648.0
661 651.0
662 652.0
663 654.0
664 656.0
665 656.0
666 656.0
667 656.0
668 657.0
669 658.0
670 660.0
671 661.0
672 663.0
673 663.0
674 663.0
675 664.0
676 664.0
677 664.0
678 665.0
679 666.0
680 666.0
681 666.0
682 666.0
683 667.0
684 669.0
685 669.0
686 670.0
687 671.0
688 672.0
689 673.0
690 676.0
691 677.0
692 678.0
693 679.0
694 679.0
695 682.0
696 683.0
697 683.0
698 683.0
699 684.0
700 685.0
701 687.0
702 687.0
703 688.0
704 689.0
705 690.0
706 690.0
707 691.0
708 693.0
709 694.0
710 694.0
711 695.0
712 696.0
713 696.0
714 697.0
715 698.0
716 699.0
717 699.0
718 700.0
719 701.0
720 703.0
721 705.0
722 706.0
723 706.0
724 707.0
725 708.0
726 708.0
727 710.0
728 712.0
729 712.0
730 712.0
731 713.0
732 714.0
733 716.0
734 717.0
735 718.0
736 719.0
737 719.0
738 720.0
739 720.0
740 720.0
741 722.0
742 722.0
743 723.0
744 725.0
745 725.0
746 726.0
747 727.0
748 727.0
749 727.0
750 728.0
751 729.0
752 730.0
753 730.0
754 733.0
755 734.0
756 734.0
757 738.0
758 738.0
759 740.0
760 741.0
761 741.0
762 741.0
763 741.0
764 743.0
765 746.0
766 749.0
767 749.0
768 751.0
769 751.0
770 752.0
771 752.0
772 752.0
773 753.0
774 753.0
775 753.0
776 755.0
777 756.0
778 756.0
779 757.0
780 757.0
781 760.0
782 762.0
783 762.0
784 764.0
785 765.0
786 766.0
787 767.0
788 767.0
789 768.0
790 770.0
791 771.0
792 772.0
793 772.0
794 774.0
795 775.0
796 776.0
797 778.0
798 783.0
799 785.0
800 785.0
801 785.0
802 785.0
803 785.0
804 785.0
805 785.0
806 785.0
807 785.0
808 785.0
809 786.0
810 786.0
811 786.0
812 788.0
813 789.0
814 790.0
815 791.0
816 791.0
817 792.0
818 792.0
819 793.0
820 794.0
821 795.0
822 797.0
823 799.0
824 799.0
825 799.0
826 799.0
827 799.0
828 799.0
829 799.0
830 800.0
831 802.0
832 804.0
833 805.0
834 805.0
835 805.0
836 808.0
837 809.0
838 810.0
839 811.0
840 812.0
841 813.0
842 813.0
843 813.0
844 813.0
845 814.0
846 816.0
847 819.0
848 820.0
849 821.0
850 821.0
851 821.0
852 822.0
853 822.0
854 822.0
855 824.0
856 824.0
857 826.0
858 826.0
859 827.0
860 827.0
861 830.0
862 831.0
863 832.0
864 834.0
865 835.0
866 837.0
867 838.0
868 840.0
869 840.0
870 843.0
871 844.0
872 844.0
873 844.0
874 844.0
875 844.0
876 845.0
877 846.0
878 847.0
879 849.0
880 850.0
881 851.0
882 851.0
883 851.0
884 852.0
885 852.0
886 856.0
887 856.0
888 856.0
889 857.0
890 857.0
891 857.0
892 857.0
893 859.0
894 860.0
895 863.0
896 865.0
897 866.0
898 867.0
899 867.0
900 868.0
901 871.0
902 873.0
903 874.0
904 875.0
905 875.0
906 876.0
907 879.0
908 879.0
909 880.0
910 880.0
911 880.0
912 880.0
913 880.0
914 882.0
915 883.0
916 886.0
917 889.0
918 892.0
919 892.0
920 892.0
921 895.0
922 896.0
923 896.0
924 897.0
925 897.0
926 897.0
927 897.0
928 897.0
929 898.0
930 898.0
931 898.0
932 900.0
933 902.0
934 902.0
935 906.0
936 908.0
937 908.0
938 910.0
939 911.0
940 911.0
941 913.0
942 914.0
943 916.0
944 917.0
945 918.0
946 919.0
947 920.0
948 921.0
949 923.0
950 923.0
951 923.0
952 923.0
953 923.0
954 923.0
955 923.0
956 926.0
957 926.0
958 926.0
959 926.0
960 928.0
961 928.0
962 928.0
963 931.0
964 932.0
965 934.0
966 934.0
967 934.0
968 935.0
969 937.0
970 939.0
971 941.0
972 942.0
973 943.0
974 944.0
975 944.0
976 944.0
977 945.0
978 946.0
979 948.0
980 948.0
981 949.0
982 949.0
983 952.0
984 953.0
985 954.0
986 954.0
987 955.0
988 956.0
989 958.0
990 963.0
991 964.0
992 965.0
993 967.0
994 967.0
995 969.0
996 971.0
997 972.0
998 972.0
999 972.0
1000 972.0
